77.5000000000	-87.5331000000
77.5015625000	-87.5286000000
77.5031250000	-87.5213000000
77.5046875000	-87.5123000000
77.5062500000	-87.5028000000
77.5078125000	-87.4939000000
77.5093750000	-87.4867000000
77.5109375000	-87.4817000000
77.5125000000	-87.4792000000
77.5140625000	-87.4787000000
77.5156250000	-87.4798000000
77.5171875000	-87.4817000000
77.5187500000	-87.4837000000
77.5203125000	-87.4849000000
77.5218750000	-87.4853000000
77.5234375000	-87.4849000000
77.5250000000	-87.4840000000
77.5265625000	-87.4834000000
77.5281250000	-87.4838000000
77.5296875000	-87.4859000000
77.5312500000	-87.4899000000
77.5328125000	-87.4964000000
77.5343750000	-87.5054000000
77.5359375000	-87.5173000000
77.5375000000	-87.5319000000
77.5390625000	-87.5492000000
77.5406250000	-87.5694000000
77.5421875000	-87.5920000000
77.5437500000	-87.6168000000
77.5453125000	-87.6434000000
77.5468750000	-87.6711000000
77.5484375000	-87.6986000000
77.5500000000	-87.7244000000
77.5515625000	-87.7475000000
77.5531250000	-87.7667000000
77.5546875000	-87.7810000000
77.5562500000	-87.7899000000
77.5578125000	-87.7932000000
77.5593750000	-87.7911000000
77.5609375000	-87.7838000000
77.5625000000	-87.7716000000
77.5640625000	-87.7551000000
77.5656250000	-87.7351000000
77.5671875000	-87.7120000000
77.5687500000	-87.6862000000
77.5703125000	-87.6579000000
77.5718750000	-87.6275000000
77.5734375000	-87.5958000000
77.5750000000	-87.5634000000
77.5765625000	-87.5313000000
77.5781250000	-87.5002000000
77.5796875000	-87.4704000000
77.5812500000	-87.4416000000
77.5828125000	-87.4126000000
77.5843750000	-87.3818000000
77.5859375000	-87.3471000000
77.5875000000	-87.3070000000
77.5890625000	-87.2607000000
77.5906250000	-87.2087000000
77.5921875000	-87.1532000000
77.5937500000	-87.0983000000
77.5953125000	-87.0490000000
77.5968750000	-87.0106000000
77.5984375000	-86.9878000000
77.6000000000	-86.9837000000
77.6015625000	-86.9998000000
77.6031250000	-87.0359000000
77.6046875000	-87.0891000000
77.6062500000	-87.1547000000
77.6078125000	-87.2265000000
77.6093750000	-87.2988000000
77.6109375000	-87.3657000000
77.6125000000	-87.4233000000
77.6140625000	-87.4694000000
77.6156250000	-87.5039000000
77.6171875000	-87.5287000000
77.6187500000	-87.5468000000
77.6203125000	-87.5616000000
77.6218750000	-87.5762000000
77.6234375000	-87.5933000000
77.6250000000	-87.6147000000
77.6265625000	-87.6409000000
77.6281250000	-87.6717000000
77.6296875000	-87.7059000000
77.6312500000	-87.7414000000
77.6328125000	-87.7758000000
77.6343750000	-87.8060000000
77.6359375000	-87.8299000000
77.6375000000	-87.8455000000
77.6390625000	-87.8516000000
77.6406250000	-87.8479000000
77.6421875000	-87.8351000000
77.6437500000	-87.8151000000
77.6453125000	-87.7903000000
77.6468750000	-87.7635000000
77.6484375000	-87.7373000000
77.6500000000	-87.7141000000
77.6515625000	-87.6954000000
77.6531250000	-87.6823000000
77.6546875000	-87.6756000000
77.6562500000	-87.6751000000
77.6578125000	-87.6795000000
77.6593750000	-87.6872000000
77.6609375000	-87.6959000000
77.6625000000	-87.7037000000
77.6640625000	-87.7087000000
77.6656250000	-87.7090000000
77.6671875000	-87.7034000000
77.6687500000	-87.6915000000
77.6703125000	-87.6731000000
77.6718750000	-87.6490000000
77.6734375000	-87.6203000000
77.6750000000	-87.5886000000
77.6765625000	-87.5558000000
77.6781250000	-87.5234000000
77.6796875000	-87.4927000000
77.6812500000	-87.4649000000
77.6828125000	-87.4405000000
77.6843750000	-87.4198000000
77.6859375000	-87.4027000000
77.6875000000	-87.3884000000
77.6890625000	-87.3762000000
77.6906250000	-87.3654000000
77.6921875000	-87.3556000000
77.6937500000	-87.3462000000
77.6953125000	-87.3372000000
77.6968750000	-87.3287000000
77.6984375000	-87.3212000000
77.7000000000	-87.3157000000
77.7015625000	-87.3131000000
77.7031250000	-87.3147000000
77.7046875000	-87.3216000000
77.7062500000	-87.3345000000
77.7078125000	-87.3535000000
77.7093750000	-87.3784000000
77.7109375000	-87.4088000000
77.7125000000	-87.4440000000
77.7140625000	-87.4827000000
77.7156250000	-87.5236000000
77.7171875000	-87.5650000000
77.7187500000	-87.6055000000
77.7203125000	-87.6435000000
77.7218750000	-87.6775000000
77.7234375000	-87.7067000000
77.7250000000	-87.7306000000
77.7265625000	-87.7489000000
77.7281250000	-87.7618000000
77.7296875000	-87.7698000000
77.7312500000	-87.7734000000
77.7328125000	-87.7735000000
77.7343750000	-87.7706000000
77.7359375000	-87.7656000000
77.7375000000	-87.7591000000
77.7390625000	-87.7517000000
77.7406250000	-87.7437000000
77.7421875000	-87.7354000000
77.7437500000	-87.7272000000
77.7453125000	-87.7198000000
77.7468750000	-87.7138000000
77.7484375000	-87.7091000000
77.7500000000	-87.7056000000
77.7515625000	-87.7033000000
77.7531250000	-87.7022000000
77.7546875000	-87.7018000000
77.7562500000	-87.7015000000
77.7578125000	-87.7008000000
77.7593750000	-87.6993000000
77.7609375000	-87.6968000000
77.7625000000	-87.6929000000
77.7640625000	-87.6879000000
77.7656250000	-87.6821000000
77.7671875000	-87.6760000000
77.7687500000	-87.6706000000
77.7703125000	-87.6668000000
77.7718750000	-87.6657000000
77.7734375000	-87.6681000000
77.7750000000	-87.6751000000
77.7765625000	-87.6869000000
77.7781250000	-87.7034000000
77.7796875000	-87.7238000000
77.7812500000	-87.7468000000
77.7828125000	-87.7704000000
77.7843750000	-87.7922000000
77.7859375000	-87.8100000000
77.7875000000	-87.8217000000
77.7890625000	-87.8261000000
77.7906250000	-87.8228000000
77.7921875000	-87.8119000000
77.7937500000	-87.7948000000
77.7953125000	-87.7731000000
77.7968750000	-87.7483000000
77.7984375000	-87.7218000000
77.8000000000	-87.6948000000
77.8015625000	-87.6680000000
77.8031250000	-87.6414000000
77.8046875000	-87.6147000000
77.8062500000	-87.5878000000
77.8078125000	-87.5610000000
77.8093750000	-87.5348000000
77.8109375000	-87.5099000000
77.8125000000	-87.4876000000
77.8140625000	-87.4694000000
77.8156250000	-87.4569000000
77.8171875000	-87.4510000000
77.8187500000	-87.4522000000
77.8203125000	-87.4608000000
77.8218750000	-87.4766000000
77.8234375000	-87.4986000000
77.8250000000	-87.5262000000
77.8265625000	-87.5580000000
77.8281250000	-87.5923000000
77.8296875000	-87.6273000000
77.8312500000	-87.6610000000
77.8328125000	-87.6911000000
77.8343750000	-87.7154000000
77.8359375000	-87.7315000000
77.8375000000	-87.7379000000
77.8390625000	-87.7331000000
77.8406250000	-87.7168000000
77.8421875000	-87.6897000000
77.8437500000	-87.6531000000
77.8453125000	-87.6092000000
77.8468750000	-87.5611000000
77.8484375000	-87.5124000000
77.8500000000	-87.4663000000
77.8515625000	-87.4261000000
77.8531250000	-87.3943000000
77.8546875000	-87.3727000000
77.8562500000	-87.3617000000
77.8578125000	-87.3605000000
77.8593750000	-87.3672000000
77.8609375000	-87.3795000000
77.8625000000	-87.3941000000
77.8640625000	-87.4076000000
77.8656250000	-87.4173000000
77.8671875000	-87.4211000000
77.8687500000	-87.4181000000
77.8703125000	-87.4091000000
77.8718750000	-87.3959000000
77.8734375000	-87.3812000000
77.8750000000	-87.3679000000
77.8765625000	-87.3588000000
77.8781250000	-87.3558000000
77.8796875000	-87.3599000000
77.8812500000	-87.3715000000
77.8828125000	-87.3895000000
77.8843750000	-87.4120000000
77.8859375000	-87.4359000000
77.8875000000	-87.4574000000
77.8890625000	-87.4728000000
77.8906250000	-87.4787000000
77.8921875000	-87.4725000000
77.8937500000	-87.4528000000
77.8953125000	-87.4202000000
77.8968750000	-87.3770000000
77.8984375000	-87.3271000000
77.9000000000	-87.2753000000
77.9015625000	-87.2262000000
77.9031250000	-87.1843000000
77.9046875000	-87.1530000000
77.9062500000	-87.1343000000
77.9078125000	-87.1287000000
77.9093750000	-87.1353000000
77.9109375000	-87.1516000000
77.9125000000	-87.1743000000
77.9140625000	-87.1999000000
77.9156250000	-87.2248000000
77.9171875000	-87.2463000000
77.9187500000	-87.2626000000
77.9203125000	-87.2732000000
77.9218750000	-87.2788000000
77.9234375000	-87.2810000000
77.9250000000	-87.2819000000
77.9265625000	-87.2836000000
77.9281250000	-87.2883000000
77.9296875000	-87.2980000000
77.9312500000	-87.3135000000
77.9328125000	-87.3356000000
77.9343750000	-87.3641000000
77.9359375000	-87.3980000000
77.9375000000	-87.4361000000
77.9390625000	-87.4771000000
77.9406250000	-87.5195000000
77.9421875000	-87.5620000000
77.9437500000	-87.6030000000
77.9453125000	-87.6414000000
77.9468750000	-87.6763000000
77.9484375000	-87.7070000000
77.9500000000	-87.7327000000
77.9515625000	-87.7531000000
77.9531250000	-87.7680000000
77.9546875000	-87.7766000000
77.9562500000	-87.7784000000
77.9578125000	-87.7731000000
77.9593750000	-87.7609000000
77.9609375000	-87.7424000000
77.9625000000	-87.7191000000
77.9640625000	-87.6929000000
77.9656250000	-87.6664000000
77.9671875000	-87.6424000000
77.9687500000	-87.6236000000
77.9703125000	-87.6122000000
77.9718750000	-87.6098000000
77.9734375000	-87.6169000000
77.9750000000	-87.6326000000
77.9765625000	-87.6547000000
77.9781250000	-87.6799000000
77.9796875000	-87.7037000000
77.9812500000	-87.7220000000
77.9828125000	-87.7306000000
77.9843750000	-87.7268000000
77.9859375000	-87.7090000000
77.9875000000	-87.6773000000
77.9890625000	-87.6336000000
77.9906250000	-87.5811000000
77.9921875000	-87.5239000000
77.9937500000	-87.4666000000
77.9953125000	-87.4138000000
77.9968750000	-87.3692000000
77.9984375000	-87.3359000000
78.0000000000	-87.3157000000
78.0015625000	-87.3092000000
78.0031250000	-87.3160000000
78.0046875000	-87.3350000000
78.0062500000	-87.3640000000
78.0078125000	-87.4006000000
78.0093750000	-87.4418000000
78.0109375000	-87.4850000000
78.0125000000	-87.5275000000
78.0140625000	-87.5676000000
78.0156250000	-87.6037000000
78.0171875000	-87.6355000000
78.0187500000	-87.6633000000
78.0203125000	-87.6876000000
78.0218750000	-87.7089000000
78.0234375000	-87.7276000000
78.0250000000	-87.7438000000
78.0265625000	-87.7572000000
78.0281250000	-87.7673000000
78.0296875000	-87.7731000000
78.0312500000	-87.7734000000
78.0328125000	-87.7674000000
78.0343750000	-87.7548000000
78.0359375000	-87.7358000000
78.0375000000	-87.7115000000
78.0390625000	-87.6837000000
78.0406250000	-87.6542000000
78.0421875000	-87.6252000000
78.0437500000	-87.5979000000
78.0453125000	-87.5738000000
78.0468750000	-87.5532000000
78.0484375000	-87.5361000000
78.0500000000	-87.5223000000
78.0515625000	-87.5110000000
78.0531250000	-87.5018000000
78.0546875000	-87.4945000000
78.0562500000	-87.4888000000
78.0578125000	-87.4853000000
78.0593750000	-87.4841000000
78.0609375000	-87.4857000000
78.0625000000	-87.4900000000
78.0640625000	-87.4968000000
78.0656250000	-87.5056000000
78.0671875000	-87.5153000000
78.0687500000	-87.5249000000
78.0703125000	-87.5333000000
78.0718750000	-87.5397000000
78.0734375000	-87.5437000000
78.0750000000	-87.5452000000
78.0765625000	-87.5440000000
78.0781250000	-87.5402000000
78.0796875000	-87.5346000000
78.0812500000	-87.5279000000
78.0828125000	-87.5207000000
78.0843750000	-87.5139000000
78.0859375000	-87.5084000000
78.0875000000	-87.5047000000
78.0890625000	-87.5035000000
78.0906250000	-87.5049000000
78.0921875000	-87.5092000000
78.0937500000	-87.5161000000
78.0953125000	-87.5251000000
78.0968750000	-87.5357000000
78.0984375000	-87.5474000000
78.1000000000	-87.5597000000
78.1015625000	-87.5719000000
78.1031250000	-87.5834000000
78.1046875000	-87.5935000000
78.1062500000	-87.6014000000
78.1078125000	-87.6064000000
78.1093750000	-87.6079000000
78.1109375000	-87.6054000000
78.1125000000	-87.5985000000
78.1140625000	-87.5877000000
78.1156250000	-87.5736000000
78.1171875000	-87.5576000000
78.1187500000	-87.5414000000
78.1203125000	-87.5266000000
78.1218750000	-87.5146000000
78.1234375000	-87.5065000000
78.1250000000	-87.5032000000
78.1265625000	-87.5048000000
78.1281250000	-87.5112000000
78.1296875000	-87.5217000000
78.1312500000	-87.5351000000
78.1328125000	-87.5501000000
78.1343750000	-87.5651000000
78.1359375000	-87.5789000000
78.1375000000	-87.5900000000
78.1390625000	-87.5971000000
78.1406250000	-87.5992000000
78.1421875000	-87.5958000000
78.1437500000	-87.5871000000
78.1453125000	-87.5739000000
78.1468750000	-87.5577000000
78.1484375000	-87.5400000000
78.1500000000	-87.5231000000
78.1515625000	-87.5090000000
78.1531250000	-87.4993000000
78.1546875000	-87.4949000000
78.1562500000	-87.4957000000
78.1578125000	-87.5009000000
78.1593750000	-87.5092000000
78.1609375000	-87.5183000000
78.1625000000	-87.5258000000
78.1640625000	-87.5294000000
78.1656250000	-87.5273000000
78.1671875000	-87.5187000000
78.1687500000	-87.5038000000
78.1703125000	-87.4837000000
78.1718750000	-87.4607000000
78.1734375000	-87.4373000000
78.1750000000	-87.4164000000
78.1765625000	-87.4004000000
78.1781250000	-87.3913000000
78.1796875000	-87.3900000000
78.1812500000	-87.3966000000
78.1828125000	-87.4102000000
78.1843750000	-87.4291000000
78.1859375000	-87.4509000000
78.1875000000	-87.4728000000
78.1890625000	-87.4925000000
78.1906250000	-87.5085000000
78.1921875000	-87.5202000000
78.1937500000	-87.5280000000
78.1953125000	-87.5337000000
78.1968750000	-87.5395000000
78.1984375000	-87.5479000000
78.2000000000	-87.5612000000
78.2015625000	-87.5811000000
78.2031250000	-87.6085000000
78.2046875000	-87.6430000000
78.2062500000	-87.6833000000
78.2078125000	-87.7269000000
78.2093750000	-87.7706000000
78.2109375000	-87.8115000000
78.2125000000	-87.8467000000
78.2140625000	-87.8744000000
78.2156250000	-87.8932000000
78.2171875000	-87.9028000000
78.2187500000	-87.9040000000
78.2203125000	-87.8980000000
78.2218750000	-87.8863000000
78.2234375000	-87.8708000000
78.2250000000	-87.8532000000
78.2265625000	-87.8348000000
78.2281250000	-87.8171000000
78.2296875000	-87.8010000000
78.2312500000	-87.7872000000
78.2328125000	-87.7763000000
78.2343750000	-87.7688000000
78.2359375000	-87.7649000000
78.2375000000	-87.7648000000
78.2390625000	-87.7686000000
78.2406250000	-87.7763000000
78.2421875000	-87.7876000000
78.2437500000	-87.8015000000
78.2453125000	-87.8169000000
78.2468750000	-87.8322000000
78.2484375000	-87.8459000000
78.2500000000	-87.8566000000
78.2515625000	-87.8627000000
78.2531250000	-87.8629000000
78.2546875000	-87.8560000000
78.2562500000	-87.8415000000
78.2578125000	-87.8193000000
78.2593750000	-87.7901000000
78.2609375000	-87.7550000000
78.2625000000	-87.7156000000
78.2640625000	-87.6736000000
78.2656250000	-87.6309000000
78.2671875000	-87.5895000000
78.2687500000	-87.5510000000
78.2703125000	-87.5172000000
78.2718750000	-87.4896000000
78.2734375000	-87.4699000000
78.2750000000	-87.4587000000
78.2765625000	-87.4568000000
78.2781250000	-87.4647000000
78.2796875000	-87.4819000000
78.2812500000	-87.5075000000
78.2828125000	-87.5401000000
78.2843750000	-87.5776000000
78.2859375000	-87.6173000000
78.2875000000	-87.6566000000
78.2890625000	-87.6929000000
78.2906250000	-87.7244000000
78.2921875000	-87.7498000000
78.2937500000	-87.7687000000
78.2953125000	-87.7816000000
78.2968750000	-87.7901000000
78.2984375000	-87.7961000000
78.3000000000	-87.8014000000
78.3015625000	-87.8070000000
78.3031250000	-87.8128000000
78.3046875000	-87.8179000000
78.3062500000	-87.8208000000
78.3078125000	-87.8193000000
78.3093750000	-87.8116000000
78.3109375000	-87.7962000000
78.3125000000	-87.7726000000
78.3140625000	-87.7417000000
78.3156250000	-87.7056000000
78.3171875000	-87.6672000000
78.3187500000	-87.6300000000
78.3203125000	-87.5979000000
78.3218750000	-87.5740000000
78.3234375000	-87.5606000000
78.3250000000	-87.5586000000
78.3265625000	-87.5680000000
78.3281250000	-87.5876000000
78.3296875000	-87.6160000000
78.3312500000	-87.6505000000
78.3328125000	-87.6879000000
78.3343750000	-87.7246000000
78.3359375000	-87.7572000000
78.3375000000	-87.7831000000
78.3390625000	-87.8000000000
78.3406250000	-87.8070000000
78.3421875000	-87.8039000000
78.3437500000	-87.7916000000
78.3453125000	-87.7721000000
78.3468750000	-87.7484000000
78.3484375000	-87.7241000000
78.3500000000	-87.7028000000
78.3515625000	-87.6876000000
78.3531250000	-87.6812000000
78.3546875000	-87.6845000000
78.3562500000	-87.6975000000
78.3578125000	-87.7189000000
78.3593750000	-87.7465000000
78.3609375000	-87.7771000000
78.3625000000	-87.8072000000
78.3640625000	-87.8333000000
78.3656250000	-87.8530000000
78.3671875000	-87.8649000000
78.3687500000	-87.8692000000
78.3703125000	-87.8671000000
78.3718750000	-87.8612000000
78.3734375000	-87.8547000000
78.3750000000	-87.8508000000
78.3765625000	-87.8522000000
78.3781250000	-87.8607000000
78.3796875000	-87.8766000000
78.3812500000	-87.8986000000
78.3828125000	-87.9240000000
78.3843750000	-87.9497000000
78.3859375000	-87.9718000000
78.3875000000	-87.9865000000
78.3890625000	-87.9907000000
78.3906250000	-87.9827000000
78.3921875000	-87.9624000000
78.3937500000	-87.9316000000
78.3953125000	-87.8934000000
78.3968750000	-87.8517000000
78.3984375000	-87.8108000000
78.4000000000	-87.7746000000
78.4015625000	-87.7464000000
78.4031250000	-87.7281000000
78.4046875000	-87.7206000000
78.4062500000	-87.7239000000
78.4078125000	-87.7367000000
78.4093750000	-87.7572000000
78.4109375000	-87.7828000000
78.4125000000	-87.8106000000
78.4140625000	-87.8377000000
78.4156250000	-87.8616000000
78.4171875000	-87.8809000000
78.4187500000	-87.8942000000
78.4203125000	-87.9015000000
78.4218750000	-87.9034000000
78.4234375000	-87.9016000000
78.4250000000	-87.8977000000
78.4265625000	-87.8928000000
78.4281250000	-87.8879000000
78.4296875000	-87.8834000000
78.4312500000	-87.8786000000
78.4328125000	-87.8721000000
78.4343750000	-87.8622000000
78.4359375000	-87.8466000000
78.4375000000	-87.8236000000
78.4390625000	-87.7916000000
78.4406250000	-87.7506000000
78.4421875000	-87.7012000000
78.4437500000	-87.6456000000
78.4453125000	-87.5872000000
78.4468750000	-87.5297000000
78.4484375000	-87.4766000000
78.4500000000	-87.4311000000
78.4515625000	-87.3952000000
78.4531250000	-87.3700000000
78.4546875000	-87.3551000000
78.4562500000	-87.3486000000
78.4578125000	-87.3478000000
78.4593750000	-87.3496000000
78.4609375000	-87.3505000000
78.4625000000	-87.3477000000
78.4640625000	-87.3396000000
78.4656250000	-87.3259000000
78.4671875000	-87.3076000000
78.4687500000	-87.2873000000
78.4703125000	-87.2677000000
78.4718750000	-87.2520000000
78.4734375000	-87.2430000000
78.4750000000	-87.2426000000
78.4765625000	-87.2521000000
78.4781250000	-87.2717000000
78.4796875000	-87.3004000000
78.4812500000	-87.3368000000
78.4828125000	-87.3790000000
78.4843750000	-87.4247000000
78.4859375000	-87.4715000000
78.4875000000	-87.5175000000
78.4890625000	-87.5611000000
78.4906250000	-87.6011000000
78.4921875000	-87.6366000000
78.4937500000	-87.6672000000
78.4953125000	-87.6930000000
78.4968750000	-87.7138000000
78.4984375000	-87.7298000000
78.5000000000	-87.7404000000
78.5015625000	-87.7449000000
78.5031250000	-87.7426000000
78.5046875000	-87.7326000000
78.5062500000	-87.7144000000
78.5078125000	-87.6882000000
78.5093750000	-87.6549000000
78.5109375000	-87.6163000000
78.5125000000	-87.5748000000
78.5140625000	-87.5335000000
78.5156250000	-87.4959000000
78.5171875000	-87.4655000000
78.5187500000	-87.4449000000
78.5203125000	-87.4362000000
78.5218750000	-87.4402000000
78.5234375000	-87.4567000000
78.5250000000	-87.4845000000
78.5265625000	-87.5215000000
78.5281250000	-87.5648000000
78.5296875000	-87.6109000000
78.5312500000	-87.6562000000
78.5328125000	-87.6974000000
78.5343750000	-87.7319000000
78.5359375000	-87.7577000000
78.5375000000	-87.7736000000
78.5390625000	-87.7797000000
78.5406250000	-87.7769000000
78.5421875000	-87.7674000000
78.5437500000	-87.7539000000
78.5453125000	-87.7394000000
78.5468750000	-87.7265000000
78.5484375000	-87.7173000000
78.5500000000	-87.7129000000
78.5515625000	-87.7137000000
78.5531250000	-87.7190000000
78.5546875000	-87.7276000000
78.5562500000	-87.7374000000
78.5578125000	-87.7458000000
78.5593750000	-87.7505000000
78.5609375000	-87.7495000000
78.5625000000	-87.7413000000
78.5640625000	-87.7251000000
78.5656250000	-87.7006000000
78.5671875000	-87.6679000000
78.5687500000	-87.6279000000
78.5703125000	-87.5820000000
78.5718750000	-87.5319000000
78.5734375000	-87.4803000000
78.5750000000	-87.4298000000
78.5765625000	-87.3834000000
78.5781250000	-87.3442000000
78.5796875000	-87.3149000000
78.5812500000	-87.2975000000
78.5828125000	-87.2932000000
78.5843750000	-87.3017000000
78.5859375000	-87.3219000000
78.5875000000	-87.3519000000
78.5890625000	-87.3889000000
78.5906250000	-87.4298000000
78.5921875000	-87.4711000000
78.5937500000	-87.5098000000
78.5953125000	-87.5437000000
78.5968750000	-87.5713000000
78.5984375000	-87.5919000000
78.6000000000	-87.6056000000
78.6015625000	-87.6136000000
78.6031250000	-87.6172000000
78.6046875000	-87.6182000000
78.6062500000	-87.6183000000
78.6078125000	-87.6185000000
78.6093750000	-87.6197000000
78.6109375000	-87.6224000000
78.6125000000	-87.6267000000
78.6140625000	-87.6326000000
78.6156250000	-87.6396000000
78.6171875000	-87.6469000000
78.6187500000	-87.6542000000
78.6203125000	-87.6608000000
78.6218750000	-87.6667000000
78.6234375000	-87.6718000000
78.6250000000	-87.6765000000
78.6265625000	-87.6809000000
78.6281250000	-87.6851000000
78.6296875000	-87.6893000000
78.6312500000	-87.6932000000
78.6328125000	-87.6968000000
78.6343750000	-87.7000000000
78.6359375000	-87.7024000000
78.6375000000	-87.7037000000
78.6390625000	-87.7031000000
78.6406250000	-87.7003000000
78.6421875000	-87.6958000000
78.6437500000	-87.6900000000
78.6453125000	-87.6837000000
78.6468750000	-87.6775000000
78.6484375000	-87.6726000000
78.6500000000	-87.6700000000
78.6515625000	-87.6705000000
78.6531250000	-87.6744000000
78.6546875000	-87.6815000000
78.6562500000	-87.6915000000
78.6578125000	-87.7038000000
78.6593750000	-87.7177000000
78.6609375000	-87.7330000000
78.6625000000	-87.7496000000
78.6640625000	-87.7677000000
78.6656250000	-87.7876000000
78.6671875000	-87.8099000000
78.6687500000	-87.8347000000
78.6703125000	-87.8621000000
78.6718750000	-87.8912000000
78.6734375000	-87.9208000000
78.6750000000	-87.9490000000
78.6765625000	-87.9734000000
78.6781250000	-87.9917000000
78.6796875000	-88.0014000000
78.6812500000	-88.0006000000
78.6828125000	-87.9877000000
78.6843750000	-87.9618000000
78.6859375000	-87.9234000000
78.6875000000	-87.8737000000
78.6890625000	-87.8147000000
78.6906250000	-87.7488000000
78.6921875000	-87.6792000000
78.6937500000	-87.6097000000
78.6953125000	-87.5439000000
78.6968750000	-87.4853000000
78.6984375000	-87.4369000000
78.7000000000	-87.4005000000
78.7015625000	-87.3772000000
78.7031250000	-87.3670000000
78.7046875000	-87.3692000000
78.7062500000	-87.3819000000
78.7078125000	-87.4026000000
78.7093750000	-87.4285000000
78.7109375000	-87.4566000000
78.7125000000	-87.4844000000
78.7140625000	-87.5104000000
78.7156250000	-87.5341000000
78.7171875000	-87.5557000000
78.7187500000	-87.5765000000
78.7203125000	-87.5980000000
78.7218750000	-87.6221000000
78.7234375000	-87.6497000000
78.7250000000	-87.6816000000
78.7265625000	-87.7170000000
78.7281250000	-87.7546000000
78.7296875000	-87.7924000000
78.7312500000	-87.8280000000
78.7328125000	-87.8594000000
78.7343750000	-87.8846000000
78.7359375000	-87.9024000000
78.7375000000	-87.9131000000
78.7390625000	-87.9181000000
78.7406250000	-87.9192000000
78.7421875000	-87.9188000000
78.7437500000	-87.9190000000
78.7453125000	-87.9219000000
78.7468750000	-87.9282000000
78.7484375000	-87.9380000000
78.7500000000	-87.9505000000
78.7515625000	-87.9646000000
78.7531250000	-87.9785000000
78.7546875000	-87.9901000000
78.7562500000	-87.9975000000
78.7578125000	-87.9986000000
78.7593750000	-87.9920000000
78.7609375000	-87.9769000000
78.7625000000	-87.9527000000
78.7640625000	-87.9197000000
78.7656250000	-87.8786000000
78.7671875000	-87.8305000000
78.7687500000	-87.7774000000
78.7703125000	-87.7217000000
78.7718750000	-87.6661000000
78.7734375000	-87.6132000000
78.7750000000	-87.5653000000
78.7765625000	-87.5245000000
78.7781250000	-87.4920000000
78.7796875000	-87.4683000000
78.7812500000	-87.4523000000
78.7828125000	-87.4427000000
78.7843750000	-87.4379000000
78.7859375000	-87.4358000000
78.7875000000	-87.4346000000
78.7890625000	-87.4332000000
78.7906250000	-87.4314000000
78.7921875000	-87.4301000000
78.7937500000	-87.4310000000
78.7953125000	-87.4362000000
78.7968750000	-87.4478000000
78.7984375000	-87.4669000000
78.8000000000	-87.4943000000
78.8015625000	-87.5293000000
78.8031250000	-87.5698000000
78.8046875000	-87.6132000000
78.8062500000	-87.6557000000
78.8078125000	-87.6933000000
78.8093750000	-87.7225000000
78.8109375000	-87.7410000000
78.8125000000	-87.7478000000
78.8140625000	-87.7435000000
78.8156250000	-87.7300000000
78.8171875000	-87.7099000000
78.8187500000	-87.6867000000
78.8203125000	-87.6636000000
78.8218750000	-87.6433000000
78.8234375000	-87.6273000000
78.8250000000	-87.6163000000
78.8265625000	-87.6103000000
78.8281250000	-87.6085000000
78.8296875000	-87.6093000000
78.8312500000	-87.6113000000
78.8328125000	-87.6133000000
78.8343750000	-87.6141000000
78.8359375000	-87.6136000000
78.8375000000	-87.6119000000
78.8390625000	-87.6097000000
78.8406250000	-87.6079000000
78.8421875000	-87.6077000000
78.8437500000	-87.6100000000
78.8453125000	-87.6155000000
78.8468750000	-87.6248000000
78.8484375000	-87.6382000000
78.8500000000	-87.6558000000
78.8515625000	-87.6773000000
78.8531250000	-87.7018000000
78.8546875000	-87.7286000000
78.8562500000	-87.7570000000
78.8578125000	-87.7868000000
78.8593750000	-87.8170000000
78.8609375000	-87.8471000000
78.8625000000	-87.8766000000
78.8640625000	-87.9050000000
78.8656250000	-87.9315000000
78.8671875000	-87.9553000000
78.8687500000	-87.9760000000
78.8703125000	-87.9929000000
78.8718750000	-88.0050000000
78.8734375000	-88.0117000000
78.8750000000	-88.0125000000
78.8765625000	-88.0069000000
78.8781250000	-87.9951000000
78.8796875000	-87.9773000000
78.8812500000	-87.9545000000
78.8828125000	-87.9279000000
78.8843750000	-87.8989000000
78.8859375000	-87.8695000000
78.8875000000	-87.8417000000
78.8890625000	-87.8176000000
78.8906250000	-87.7984000000
78.8921875000	-87.7848000000
78.8937500000	-87.7768000000
78.8953125000	-87.7738000000
78.8968750000	-87.7743000000
78.8984375000	-87.7765000000
78.9000000000	-87.7785000000
78.9015625000	-87.7788000000
78.9031250000	-87.7768000000
78.9046875000	-87.7724000000
78.9062500000	-87.7663000000
78.9078125000	-87.7603000000
78.9093750000	-87.7560000000
78.9109375000	-87.7547000000
78.9125000000	-87.7576000000
78.9140625000	-87.7652000000
78.9156250000	-87.7770000000
78.9171875000	-87.7921000000
78.9187500000	-87.8092000000
78.9203125000	-87.8267000000
78.9218750000	-87.8429000000
78.9234375000	-87.8565000000
78.9250000000	-87.8666000000
78.9265625000	-87.8730000000
78.9281250000	-87.8766000000
78.9296875000	-87.8783000000
78.9312500000	-87.8794000000
78.9328125000	-87.8819000000
78.9343750000	-87.8875000000
78.9359375000	-87.8975000000
78.9375000000	-87.9127000000
78.9390625000	-87.9329000000
78.9406250000	-87.9574000000
78.9421875000	-87.9847000000
78.9437500000	-88.0129000000
78.9453125000	-88.0397000000
78.9468750000	-88.0629000000
78.9484375000	-88.0804000000
78.9500000000	-88.0908000000
78.9515625000	-88.0934000000
78.9531250000	-88.0883000000
78.9546875000	-88.0762000000
78.9562500000	-88.0582000000
78.9578125000	-88.0357000000
78.9593750000	-88.0102000000
78.9609375000	-87.9835000000
78.9625000000	-87.9575000000
78.9640625000	-87.9338000000
78.9656250000	-87.9141000000
78.9671875000	-87.8998000000
78.9687500000	-87.8914000000
78.9703125000	-87.8882000000
78.9718750000	-87.8891000000
78.9734375000	-87.8922000000
78.9750000000	-87.8951000000
78.9765625000	-87.8955000000
78.9781250000	-87.8912000000
78.9796875000	-87.8808000000
78.9812500000	-87.8641000000
78.9828125000	-87.8417000000
78.9843750000	-87.8151000000
78.9859375000	-87.7864000000
78.9875000000	-87.7574000000
78.9890625000	-87.7299000000
78.9906250000	-87.7050000000
78.9921875000	-87.6833000000
78.9937500000	-87.6647000000
78.9953125000	-87.6487000000
78.9968750000	-87.6344000000
78.9984375000	-87.6212000000
79.0000000000	-87.6086000000
79.0015625000	-87.5966000000
79.0031250000	-87.5854000000
79.0046875000	-87.5756000000
79.0062500000	-87.5679000000
79.0078125000	-87.5630000000
79.0093750000	-87.5617000000
79.0109375000	-87.5647000000
79.0125000000	-87.5725000000
79.0140625000	-87.5850000000
79.0156250000	-87.6019000000
79.0171875000	-87.6229000000
79.0187500000	-87.6471000000
79.0203125000	-87.6732000000
79.0218750000	-87.6998000000
79.0234375000	-87.7251000000
79.0250000000	-87.7479000000
79.0265625000	-87.7672000000
79.0281250000	-87.7824000000
79.0296875000	-87.7930000000
79.0312500000	-87.7993000000
79.0328125000	-87.8016000000
79.0343750000	-87.8007000000
79.0359375000	-87.7975000000
79.0375000000	-87.7931000000
79.0390625000	-87.7886000000
79.0406250000	-87.7848000000
79.0421875000	-87.7826000000
79.0437500000	-87.7825000000
79.0453125000	-87.7846000000
79.0468750000	-87.7891000000
79.0484375000	-87.7954000000
79.0500000000	-87.8028000000
79.0515625000	-87.8104000000
79.0531250000	-87.8173000000
79.0546875000	-87.8231000000
79.0562500000	-87.8273000000
79.0578125000	-87.8296000000
79.0593750000	-87.8299000000
79.0609375000	-87.8285000000
79.0625000000	-87.8257000000
79.0640625000	-87.8223000000
79.0656250000	-87.8189000000
79.0671875000	-87.8158000000
79.0687500000	-87.8134000000
79.0703125000	-87.8122000000
79.0718750000	-87.8122000000
79.0734375000	-87.8134000000
79.0750000000	-87.8154000000
79.0765625000	-87.8177000000
79.0781250000	-87.8196000000
79.0796875000	-87.8202000000
79.0812500000	-87.8187000000
79.0828125000	-87.8142000000
79.0843750000	-87.8064000000
79.0859375000	-87.7955000000
79.0875000000	-87.7816000000
79.0890625000	-87.7655000000
79.0906250000	-87.7478000000
79.0921875000	-87.7286000000
79.0937500000	-87.7082000000
79.0953125000	-87.6867000000
79.0968750000	-87.6642000000
79.0984375000	-87.6411000000
79.1000000000	-87.6179000000
79.1015625000	-87.5958000000
79.1031250000	-87.5764000000
79.1046875000	-87.5612000000
79.1062500000	-87.5518000000
79.1078125000	-87.5491000000
79.1093750000	-87.5536000000
79.1109375000	-87.5649000000
79.1125000000	-87.5819000000
79.1140625000	-87.6030000000
79.1156250000	-87.6259000000
79.1171875000	-87.6490000000
79.1187500000	-87.6708000000
79.1203125000	-87.6906000000
79.1218750000	-87.7085000000
79.1234375000	-87.7251000000
79.1250000000	-87.7410000000
79.1265625000	-87.7573000000
79.1281250000	-87.7743000000
79.1296875000	-87.7922000000
79.1312500000	-87.8103000000
79.1328125000	-87.8272000000
79.1343750000	-87.8415000000
79.1359375000	-87.8517000000
79.1375000000	-87.8563000000
79.1390625000	-87.8544000000
79.1406250000	-87.8456000000
79.1421875000	-87.8301000000
79.1437500000	-87.8089000000
79.1453125000	-87.7839000000
79.1468750000	-87.7568000000
79.1484375000	-87.7298000000
79.1500000000	-87.7043000000
79.1515625000	-87.6817000000
79.1531250000	-87.6626000000
79.1546875000	-87.6474000000
79.1562500000	-87.6356000000
79.1578125000	-87.6268000000
79.1593750000	-87.6205000000
79.1609375000	-87.6163000000
79.1625000000	-87.6138000000
79.1640625000	-87.6132000000
79.1656250000	-87.6150000000
79.1671875000	-87.6199000000
79.1687500000	-87.6284000000
79.1703125000	-87.6407000000
79.1718750000	-87.6564000000
79.1734375000	-87.6752000000
79.1750000000	-87.6964000000
79.1765625000	-87.7186000000
79.1781250000	-87.7401000000
79.1796875000	-87.7593000000
79.1812500000	-87.7742000000
79.1828125000	-87.7833000000
79.1843750000	-87.7854000000
79.1859375000	-87.7796000000
79.1875000000	-87.7657000000
79.1890625000	-87.7440000000
79.1906250000	-87.7157000000
79.1921875000	-87.6827000000
79.1937500000	-87.6472000000
79.1953125000	-87.6123000000
79.1968750000	-87.5807000000
79.1984375000	-87.5552000000
79.2000000000	-87.5375000000
79.2015625000	-87.5290000000
79.2031250000	-87.5307000000
79.2046875000	-87.5424000000
79.2062500000	-87.5631000000
79.2078125000	-87.5910000000
79.2093750000	-87.6238000000
79.2109375000	-87.6590000000
79.2125000000	-87.6936000000
79.2140625000	-87.7251000000
79.2156250000	-87.7517000000
79.2171875000	-87.7719000000
79.2187500000	-87.7852000000
79.2203125000	-87.7920000000
79.2218750000	-87.7932000000
79.2234375000	-87.7905000000
79.2250000000	-87.7853000000
79.2265625000	-87.7790000000
79.2281250000	-87.7725000000
79.2296875000	-87.7664000000
79.2312500000	-87.7611000000
79.2328125000	-87.7573000000
79.2343750000	-87.7553000000
79.2359375000	-87.7561000000
79.2375000000	-87.7606000000
79.2390625000	-87.7695000000
79.2406250000	-87.7834000000
79.2421875000	-87.8022000000
79.2437500000	-87.8252000000
79.2453125000	-87.8508000000
79.2468750000	-87.8768000000
79.2484375000	-87.8998000000
79.2500000000	-87.9162000000
79.2515625000	-87.9233000000
79.2531250000	-87.9192000000
79.2546875000	-87.9033000000
79.2562500000	-87.8764000000
79.2578125000	-87.8409000000
79.2593750000	-87.8002000000
79.2609375000	-87.7586000000
79.2625000000	-87.7206000000
79.2640625000	-87.6903000000
79.2656250000	-87.6715000000
79.2671875000	-87.6666000000
79.2687500000	-87.6765000000
79.2703125000	-87.7005000000
79.2718750000	-87.7369000000
79.2734375000	-87.7827000000
79.2750000000	-87.8339000000
79.2765625000	-87.8858000000
79.2781250000	-87.9335000000
79.2796875000	-87.9723000000
79.2812500000	-87.9985000000
79.2828125000	-88.0098000000
79.2843750000	-88.0055000000
79.2859375000	-87.9865000000
79.2875000000	-87.9551000000
79.2890625000	-87.9147000000
79.2906250000	-87.8693000000
79.2921875000	-87.8231000000
79.2937500000	-87.7798000000
79.2953125000	-87.7428000000
79.2968750000	-87.7142000000
79.2984375000	-87.6955000000
79.3000000000	-87.6872000000
79.3015625000	-87.6884000000
79.3031250000	-87.6979000000
79.3046875000	-87.7138000000
79.3062500000	-87.7343000000
79.3078125000	-87.7575000000
79.3093750000	-87.7814000000
79.3109375000	-87.8047000000
79.3125000000	-87.8263000000
79.3140625000	-87.8452000000
79.3156250000	-87.8611000000
79.3171875000	-87.8737000000
79.3187500000	-87.8825000000
79.3203125000	-87.8872000000
79.3218750000	-87.8876000000
79.3234375000	-87.8837000000
79.3250000000	-87.8760000000
79.3265625000	-87.8648000000
79.3281250000	-87.8510000000
79.3296875000	-87.8356000000
79.3312500000	-87.8197000000
79.3328125000	-87.8043000000
79.3343750000	-87.7904000000
79.3359375000	-87.7784000000
79.3375000000	-87.7683000000
79.3390625000	-87.7596000000
79.3406250000	-87.7510000000
79.3421875000	-87.7411000000
79.3437500000	-87.7285000000
79.3453125000	-87.7123000000
79.3468750000	-87.6921000000
79.3484375000	-87.6682000000
79.3500000000	-87.6413000000
79.3515625000	-87.6125000000
79.3531250000	-87.5835000000
79.3546875000	-87.5563000000
79.3562500000	-87.5325000000
79.3578125000	-87.5138000000
79.3593750000	-87.5014000000
79.3609375000	-87.4957000000
79.3625000000	-87.4970000000
79.3640625000	-87.5051000000
79.3656250000	-87.5194000000
79.3671875000	-87.5396000000
79.3687500000	-87.5646000000
79.3703125000	-87.5931000000
79.3718750000	-87.6235000000
79.3734375000	-87.6541000000
79.3750000000	-87.6834000000
79.3765625000	-87.7098000000
79.3781250000	-87.7325000000
79.3796875000	-87.7506000000
79.3812500000	-87.7639000000
79.3828125000	-87.7727000000
79.3843750000	-87.7775000000
79.3859375000	-87.7790000000
79.3875000000	-87.7780000000
79.3890625000	-87.7749000000
79.3906250000	-87.7700000000
79.3921875000	-87.7638000000
79.3937500000	-87.7571000000
79.3953125000	-87.7506000000
79.3968750000	-87.7450000000
79.3984375000	-87.7413000000
79.4000000000	-87.7403000000
79.4015625000	-87.7428000000
79.4031250000	-87.7493000000
79.4046875000	-87.7598000000
79.4062500000	-87.7734000000
79.4078125000	-87.7891000000
79.4093750000	-87.8063000000
79.4109375000	-87.8241000000
79.4125000000	-87.8421000000
79.4140625000	-87.8599000000
79.4156250000	-87.8776000000
79.4171875000	-87.8954000000
79.4187500000	-87.9130000000
79.4203125000	-87.9295000000
79.4218750000	-87.9432000000
79.4234375000	-87.9520000000
79.4250000000	-87.9533000000
79.4265625000	-87.9450000000
79.4281250000	-87.9258000000
79.4296875000	-87.8954000000
79.4312500000	-87.8550000000
79.4328125000	-87.8073000000
79.4343750000	-87.7556000000
79.4359375000	-87.7037000000
79.4375000000	-87.6550000000
79.4390625000	-87.6121000000
79.4406250000	-87.5767000000
79.4421875000	-87.5496000000
79.4437500000	-87.5311000000
79.4453125000	-87.5208000000
79.4468750000	-87.5182000000
79.4484375000	-87.5227000000
79.4500000000	-87.5337000000
79.4515625000	-87.5505000000
79.4531250000	-87.5720000000
79.4546875000	-87.5971000000
79.4562500000	-87.6245000000
79.4578125000	-87.6528000000
79.4593750000	-87.6800000000
79.4609375000	-87.7046000000
79.4625000000	-87.7252000000
79.4640625000	-87.7406000000
79.4656250000	-87.7509000000
79.4671875000	-87.7565000000
79.4687500000	-87.7578000000
79.4703125000	-87.7553000000
79.4718750000	-87.7499000000
79.4734375000	-87.7426000000
79.4750000000	-87.7347000000
79.4765625000	-87.7275000000
79.4781250000	-87.7220000000
79.4796875000	-87.7194000000
79.4812500000	-87.7208000000
79.4828125000	-87.7270000000
79.4843750000	-87.7380000000
79.4859375000	-87.7533000000
79.4875000000	-87.7723000000
79.4890625000	-87.7939000000
79.4906250000	-87.8167000000
79.4921875000	-87.8393000000
79.4937500000	-87.8602000000
79.4953125000	-87.8785000000
79.4968750000	-87.8934000000
79.4984375000	-87.9044000000
79.5000000000	-87.9110000000
79.5015625000	-87.9132000000
79.5031250000	-87.9114000000
79.5046875000	-87.9056000000
79.5062500000	-87.8965000000
79.5078125000	-87.8850000000
79.5093750000	-87.8721000000
79.5109375000	-87.8589000000
79.5125000000	-87.8463000000
79.5140625000	-87.8349000000
79.5156250000	-87.8250000000
79.5171875000	-87.8166000000
79.5187500000	-87.8095000000
79.5203125000	-87.8033000000
79.5218750000	-87.7980000000
79.5234375000	-87.7935000000
79.5250000000	-87.7905000000
79.5265625000	-87.7892000000
79.5281250000	-87.7902000000
79.5296875000	-87.7943000000
79.5312500000	-87.8017000000
79.5328125000	-87.8125000000
79.5343750000	-87.8266000000
79.5359375000	-87.8435000000
79.5375000000	-87.8623000000
79.5390625000	-87.8821000000
79.5406250000	-87.9022000000
79.5421875000	-87.9223000000
79.5437500000	-87.9419000000
79.5453125000	-87.9609000000
79.5468750000	-87.9793000000
79.5484375000	-87.9968000000
79.5500000000	-88.0127000000
79.5515625000	-88.0260000000
79.5531250000	-88.0362000000
79.5546875000	-88.0422000000
79.5562500000	-88.0432000000
79.5578125000	-88.0386000000
79.5593750000	-88.0280000000
79.5609375000	-88.0114000000
79.5625000000	-87.9893000000
79.5640625000	-87.9624000000
79.5656250000	-87.9315000000
79.5671875000	-87.8976000000
79.5687500000	-87.8615000000
79.5703125000	-87.8244000000
79.5718750000	-87.7874000000
79.5734375000	-87.7517000000
79.5750000000	-87.7183000000
79.5765625000	-87.6885000000
79.5781250000	-87.6630000000
79.5796875000	-87.6422000000
79.5812500000	-87.6264000000
79.5828125000	-87.6151000000
79.5843750000	-87.6072000000
79.5859375000	-87.6012000000
79.5875000000	-87.5951000000
79.5890625000	-87.5867000000
79.5906250000	-87.5743000000
79.5921875000	-87.5562000000
79.5937500000	-87.5320000000
79.5953125000	-87.5022000000
79.5968750000	-87.4686000000
79.5984375000	-87.4341000000
79.6000000000	-87.4020000000
79.6015625000	-87.3760000000
79.6031250000	-87.3596000000
79.6046875000	-87.3561000000
79.6062500000	-87.3675000000
79.6078125000	-87.3951000000
79.6093750000	-87.4389000000
79.6109375000	-87.4972000000
79.6125000000	-87.5671000000
79.6140625000	-87.6448000000
79.6156250000	-87.7257000000
79.6171875000	-87.8051000000
79.6187500000	-87.8784000000
79.6203125000	-87.9416000000
79.6218750000	-87.9922000000
79.6234375000	-88.0290000000
79.6250000000	-88.0521000000
79.6265625000	-88.0629000000
79.6281250000	-88.0638000000
79.6296875000	-88.0576000000
79.6312500000	-88.0472000000
79.6328125000	-88.0347000000
79.6343750000	-88.0222000000
79.6359375000	-88.0111000000
79.6375000000	-88.0026000000
79.6390625000	-87.9978000000
79.6406250000	-87.9972000000
79.6421875000	-88.0013000000
79.6437500000	-88.0104000000
79.6453125000	-88.0241000000
79.6468750000	-88.0415000000
79.6484375000	-88.0617000000
79.6500000000	-88.0832000000
79.6515625000	-88.1037000000
79.6531250000	-88.1207000000
79.6546875000	-88.1320000000
79.6562500000	-88.1358000000
79.6578125000	-88.1310000000
79.6593750000	-88.1173000000
79.6609375000	-88.0956000000
79.6625000000	-88.0676000000
79.6640625000	-88.0356000000
79.6656250000	-88.0019000000
79.6671875000	-87.9688000000
79.6687500000	-87.9383000000
79.6703125000	-87.9114000000
79.6718750000	-87.8885000000
79.6734375000	-87.8692000000
79.6750000000	-87.8522000000
79.6765625000	-87.8365000000
79.6781250000	-87.8209000000
79.6796875000	-87.8048000000
79.6812500000	-87.7880000000
79.6828125000	-87.7703000000
79.6843750000	-87.7520000000
79.6859375000	-87.7335000000
79.6875000000	-87.7156000000
79.6890625000	-87.6988000000
79.6906250000	-87.6835000000
79.6921875000	-87.6701000000
79.6937500000	-87.6589000000
79.6953125000	-87.6505000000
79.6968750000	-87.6455000000
79.6984375000	-87.6444000000
79.7000000000	-87.6476000000
79.7015625000	-87.6552000000
79.7031250000	-87.6670000000
79.7046875000	-87.6826000000
79.7062500000	-87.7014000000
79.7078125000	-87.7227000000
79.7093750000	-87.7458000000
79.7109375000	-87.7702000000
79.7125000000	-87.7958000000
79.7140625000	-87.8222000000
79.7156250000	-87.8488000000
79.7171875000	-87.8754000000
79.7187500000	-87.9014000000
79.7203125000	-87.9255000000
79.7218750000	-87.9467000000
79.7234375000	-87.9634000000
79.7250000000	-87.9741000000
79.7265625000	-87.9779000000
79.7281250000	-87.9741000000
79.7296875000	-87.9623000000
79.7312500000	-87.9424000000
79.7328125000	-87.9151000000
79.7343750000	-87.8816000000
79.7359375000	-87.8439000000
79.7375000000	-87.8040000000
79.7390625000	-87.7642000000
79.7406250000	-87.7268000000
79.7421875000	-87.6938000000
79.7437500000	-87.6670000000
79.7453125000	-87.6475000000
79.7468750000	-87.6356000000
79.7484375000	-87.6306000000
79.7500000000	-87.6318000000
79.7515625000	-87.6375000000
79.7531250000	-87.6461000000
79.7546875000	-87.6559000000
79.7562500000	-87.6655000000
79.7578125000	-87.6741000000
79.7593750000	-87.6810000000
79.7609375000	-87.6858000000
79.7625000000	-87.6880000000
79.7640625000	-87.6876000000
79.7656250000	-87.6849000000
79.7671875000	-87.6802000000
79.7687500000	-87.6745000000
79.7703125000	-87.6687000000
79.7718750000	-87.6642000000
79.7734375000	-87.6621000000
79.7750000000	-87.6634000000
79.7765625000	-87.6686000000
79.7781250000	-87.6774000000
79.7796875000	-87.6887000000
79.7812500000	-87.7008000000
79.7828125000	-87.7115000000
79.7843750000	-87.7178000000
79.7859375000	-87.7171000000
79.7875000000	-87.7077000000
79.7890625000	-87.6886000000
79.7906250000	-87.6604000000
79.7921875000	-87.6247000000
79.7937500000	-87.5843000000
79.7953125000	-87.5425000000
79.7968750000	-87.5026000000
79.7984375000	-87.4681000000
79.8000000000	-87.4414000000
79.8015625000	-87.4238000000
79.8031250000	-87.4154000000
79.8046875000	-87.4147000000
79.8062500000	-87.4187000000
79.8078125000	-87.4236000000
79.8093750000	-87.4254000000
79.8109375000	-87.4200000000
79.8125000000	-87.4046000000
79.8140625000	-87.3777000000
79.8156250000	-87.3396000000
79.8171875000	-87.2928000000
79.8187500000	-87.2408000000
79.8203125000	-87.1881000000
79.8218750000	-87.1389000000
79.8234375000	-87.0967000000
79.8250000000	-87.0638000000
79.8265625000	-87.0411000000
79.8281250000	-87.0284000000
79.8296875000	-87.0247000000
79.8312500000	-87.0282000000
79.8328125000	-87.0368000000
79.8343750000	-87.0488000000
79.8359375000	-87.0630000000
79.8375000000	-87.0785000000
79.8390625000	-87.0950000000
79.8406250000	-87.1126000000
79.8421875000	-87.1314000000
79.8437500000	-87.1511000000
79.8453125000	-87.1713000000
79.8468750000	-87.1914000000
79.8484375000	-87.2105000000
79.8500000000	-87.2275000000
79.8515625000	-87.2420000000
79.8531250000	-87.2536000000
79.8546875000	-87.2622000000
79.8562500000	-87.2681000000
79.8578125000	-87.2716000000
79.8593750000	-87.2731000000
79.8609375000	-87.2725000000
79.8625000000	-87.2697000000
79.8640625000	-87.2639000000
79.8656250000	-87.2542000000
79.8671875000	-87.2398000000
79.8687500000	-87.2204000000
79.8703125000	-87.1962000000
79.8718750000	-87.1684000000
79.8734375000	-87.1382000000
79.8750000000	-87.1071000000
79.8765625000	-87.0765000000
79.8781250000	-87.0476000000
79.8796875000	-87.0213000000
79.8812500000	-86.9985000000
79.8828125000	-86.9796000000
79.8843750000	-86.9645000000
79.8859375000	-86.9533000000
79.8875000000	-86.9461000000
79.8890625000	-86.9434000000
79.8906250000	-86.9464000000
79.8921875000	-86.9559000000
79.8937500000	-86.9725000000
79.8953125000	-86.9962000000
79.8968750000	-87.0263000000
79.8984375000	-87.0607000000
79.9000000000	-87.0966000000
79.9015625000	-87.1309000000
79.9031250000	-87.1598000000
79.9046875000	-87.1802000000
79.9062500000	-87.1900000000
79.9078125000	-87.1881000000
79.9093750000	-87.1752000000
79.9109375000	-87.1530000000
79.9125000000	-87.1236000000
79.9140625000	-87.0891000000
79.9156250000	-87.0505000000
79.9171875000	-87.0080000000
79.9187500000	-86.9604000000
79.9203125000	-86.9053000000
79.9218750000	-86.8398000000
79.9234375000	-86.7614000000
79.9250000000	-86.6685000000
79.9265625000	-86.5608000000
79.9281250000	-86.4393000000
79.9296875000	-86.3057000000
79.9312500000	-86.1612000000
79.9328125000	-86.0059000000
79.9343750000	-85.8384000000
79.9359375000	-85.6564000000
79.9375000000	-85.4569000000
79.9390625000	-85.2382000000
79.9406250000	-85.0003000000
79.9421875000	-84.7463000000
79.9437500000	-84.4821000000
79.9453125000	-84.2159000000
79.9468750000	-83.9562000000
79.9484375000	-83.7105000000
79.9500000000	-83.4832000000
79.9515625000	-83.2747000000
79.9531250000	-83.0813000000
79.9546875000	-82.8941000000
79.9562500000	-82.7007000000
79.9578125000	-82.4860000000
79.9593750000	-82.2331000000
79.9609375000	-81.9227000000
79.9625000000	-81.5304000000
79.9640625000	-81.0222000000
79.9656250000	-80.3514000000
79.9671875000	-79.4615000000
79.9687500000	-78.3038000000
79.9703125000	-76.8635000000
79.9718750000	-75.1745000000
79.9734375000	-73.3095000000
79.9750000000	-71.3534000000
79.9765625000	-69.3810000000
79.9781250000	-67.4487000000
79.9796875000	-65.5953000000
79.9812500000	-63.8465000000
79.9828125000	-62.2191000000
79.9843750000	-60.7240000000
79.9859375000	-59.3688000000
79.9875000000	-58.1584000000
79.9890625000	-57.0965000000
79.9906250000	-56.1856000000
79.9921875000	-55.4276000000
79.9937500000	-54.8238000000
79.9953125000	-54.3752000000
79.9968750000	-54.0822000000
79.9984375000	-53.9439000000
80.0000000000	-53.9557000000
80.0015625000	-54.1182000000
80.0031250000	-54.4357000000
80.0046875000	-54.9089000000
80.0062500000	-55.5372000000
80.0078125000	-56.3194000000
80.0093750000	-57.2543000000
80.0109375000	-58.3397000000
80.0125000000	-59.5730000000
80.0140625000	-60.9504000000
80.0156250000	-62.4663000000
80.0171875000	-64.1126000000
80.0187500000	-65.8770000000
80.0203125000	-67.7411000000
80.0218750000	-69.6762000000
80.0234375000	-71.6396000000
80.0250000000	-73.5707000000
80.0265625000	-75.3917000000
80.0281250000	-77.0200000000
80.0296875000	-78.3922000000
80.0312500000	-79.4883000000
80.0328125000	-80.3339000000
80.0343750000	-80.9804000000
80.0359375000	-81.4806000000
80.0375000000	-81.8751000000
80.0390625000	-82.1922000000
80.0406250000	-82.4518000000
80.0421875000	-82.6706000000
80.0437500000	-82.8644000000
80.0453125000	-83.0480000000
80.0468750000	-83.2337000000
80.0484375000	-83.4305000000
80.0500000000	-83.6432000000
80.0515625000	-83.8722000000
80.0531250000	-84.1136000000
80.0546875000	-84.3601000000
80.0562500000	-84.6035000000
80.0578125000	-84.8355000000
80.0593750000	-85.0502000000
80.0609375000	-85.2443000000
80.0625000000	-85.4180000000
80.0640625000	-85.5743000000
80.0656250000	-85.7175000000
80.0671875000	-85.8520000000
80.0687500000	-85.9808000000
80.0703125000	-86.1058000000
80.0718750000	-86.2276000000
80.0734375000	-86.3458000000
80.0750000000	-86.4595000000
80.0765625000	-86.5679000000
80.0781250000	-86.6712000000
80.0796875000	-86.7698000000
80.0812500000	-86.8646000000
80.0828125000	-86.9564000000
80.0843750000	-87.0455000000
80.0859375000	-87.1310000000
80.0875000000	-87.2110000000
80.0890625000	-87.2826000000
80.0906250000	-87.3424000000
80.0921875000	-87.3876000000
80.0937500000	-87.4158000000
80.0953125000	-87.4261000000
80.0968750000	-87.4193000000
80.0984375000	-87.3978000000
80.1000000000	-87.3651000000
80.1015625000	-87.3247000000
80.1031250000	-87.2808000000
80.1046875000	-87.2367000000
80.1062500000	-87.1949000000
80.1078125000	-87.1573000000
80.1093750000	-87.1255000000
80.1109375000	-87.1004000000
80.1125000000	-87.0830000000
80.1140625000	-87.0738000000
80.1156250000	-87.0732000000
80.1171875000	-87.0818000000
80.1187500000	-87.0997000000
80.1203125000	-87.1273000000
80.1218750000	-87.1642000000
80.1234375000	-87.2096000000
80.1250000000	-87.2623000000
80.1265625000	-87.3206000000
80.1281250000	-87.3825000000
80.1296875000	-87.4455000000
80.1312500000	-87.5069000000
80.1328125000	-87.5642000000
80.1343750000	-87.6147000000
80.1359375000	-87.6567000000
80.1375000000	-87.6889000000
80.1390625000	-87.7108000000
80.1406250000	-87.7231000000
80.1421875000	-87.7267000000
80.1437500000	-87.7233000000
80.1453125000	-87.7147000000
80.1468750000	-87.7030000000
80.1484375000	-87.6902000000
80.1500000000	-87.6781000000
80.1515625000	-87.6683000000
80.1531250000	-87.6618000000
80.1546875000	-87.6591000000
80.1562500000	-87.6600000000
80.1578125000	-87.6635000000
80.1593750000	-87.6687000000
80.1609375000	-87.6747000000
80.1625000000	-87.6802000000
80.1640625000	-87.6838000000
80.1656250000	-87.6842000000
80.1671875000	-87.6810000000
80.1687500000	-87.6738000000
80.1703125000	-87.6631000000
80.1718750000	-87.6498000000
80.1734375000	-87.6346000000
80.1750000000	-87.6184000000
80.1765625000	-87.6018000000
80.1781250000	-87.5854000000
80.1796875000	-87.5694000000
80.1812500000	-87.5537000000
80.1828125000	-87.5380000000
80.1843750000	-87.5219000000
80.1859375000	-87.5049000000
80.1875000000	-87.4863000000
80.1890625000	-87.4657000000
80.1906250000	-87.4428000000
80.1921875000	-87.4181000000
80.1937500000	-87.3919000000
80.1953125000	-87.3652000000
80.1968750000	-87.3388000000
80.1984375000	-87.3136000000
80.2000000000	-87.2908000000
80.2015625000	-87.2714000000
80.2031250000	-87.2562000000
80.2046875000	-87.2458000000
80.2062500000	-87.2409000000
80.2078125000	-87.2417000000
80.2093750000	-87.2485000000
80.2109375000	-87.2613000000
80.2125000000	-87.2801000000
80.2140625000	-87.3045000000
80.2156250000	-87.3338000000
80.2171875000	-87.3667000000
80.2187500000	-87.4016000000
80.2203125000	-87.4368000000
80.2218750000	-87.4709000000
80.2234375000	-87.5025000000
80.2250000000	-87.5310000000
80.2265625000	-87.5561000000
80.2281250000	-87.5786000000
80.2296875000	-87.5996000000
80.2312500000	-87.6205000000
80.2328125000	-87.6427000000
80.2343750000	-87.6678000000
80.2359375000	-87.6967000000
80.2375000000	-87.7300000000
80.2390625000	-87.7673000000
80.2406250000	-87.8077000000
80.2421875000	-87.8499000000
80.2437500000	-87.8922000000
80.2453125000	-87.9324000000
80.2468750000	-87.9685000000
80.2484375000	-87.9985000000
80.2500000000	-88.0206000000
80.2515625000	-88.0334000000
80.2531250000	-88.0365000000
80.2546875000	-88.0298000000
80.2562500000	-88.0143000000
80.2578125000	-87.9915000000
80.2593750000	-87.9636000000
80.2609375000	-87.9331000000
80.2625000000	-87.9028000000
80.2640625000	-87.8757000000
80.2656250000	-87.8544000000
80.2671875000	-87.8410000000
80.2687500000	-87.8363000000
80.2703125000	-87.8407000000
80.2718750000	-87.8540000000
80.2734375000	-87.8749000000
80.2750000000	-87.9015000000
80.2765625000	-87.9315000000
80.2781250000	-87.9625000000
80.2796875000	-87.9920000000
80.2812500000	-88.0182000000
80.2828125000	-88.0396000000
80.2843750000	-88.0558000000
80.2859375000	-88.0670000000
80.2875000000	-88.0740000000
80.2890625000	-88.0780000000
80.2906250000	-88.0805000000
80.2921875000	-88.0832000000
80.2937500000	-88.0874000000
80.2953125000	-88.0940000000
80.2968750000	-88.1037000000
80.2984375000	-88.1168000000
80.3000000000	-88.1328000000
80.3015625000	-88.1506000000
80.3031250000	-88.1686000000
80.3046875000	-88.1851000000
80.3062500000	-88.1981000000
80.3078125000	-88.2060000000
80.3093750000	-88.2077000000
80.3109375000	-88.2028000000
80.3125000000	-88.1915000000
80.3140625000	-88.1747000000
80.3156250000	-88.1537000000
80.3171875000	-88.1303000000
80.3187500000	-88.1059000000
80.3203125000	-88.0814000000
80.3218750000	-88.0575000000
80.3234375000	-88.0344000000
80.3250000000	-88.0116000000
80.3265625000	-87.9885000000
80.3281250000	-87.9644000000
80.3296875000	-87.9387000000
80.3312500000	-87.9109000000
80.3328125000	-87.8804000000
80.3343750000	-87.8474000000
80.3359375000	-87.8122000000
80.3375000000	-87.7752000000
80.3390625000	-87.7367000000
80.3406250000	-87.6977000000
80.3421875000	-87.6590000000
80.3437500000	-87.6222000000
80.3453125000	-87.5886000000
80.3468750000	-87.5598000000
80.3484375000	-87.5371000000
80.3500000000	-87.5212000000
80.3515625000	-87.5128000000
80.3531250000	-87.5115000000
80.3546875000	-87.5164000000
80.3562500000	-87.5259000000
80.3578125000	-87.5383000000
80.3593750000	-87.5512000000
80.3609375000	-87.5631000000
80.3625000000	-87.5726000000
80.3640625000	-87.5791000000
80.3656250000	-87.5826000000
80.3671875000	-87.5838000000
80.3687500000	-87.5841000000
80.3703125000	-87.5850000000
80.3718750000	-87.5881000000
80.3734375000	-87.5947000000
80.3750000000	-87.6054000000
80.3765625000	-87.6206000000
80.3781250000	-87.6396000000
80.3796875000	-87.6613000000
80.3812500000	-87.6841000000
80.3828125000	-87.7061000000
80.3843750000	-87.7260000000
80.3859375000	-87.7426000000
80.3875000000	-87.7556000000
80.3890625000	-87.7654000000
80.3906250000	-87.7734000000
80.3921875000	-87.7815000000
80.3937500000	-87.7917000000
80.3953125000	-87.8056000000
80.3968750000	-87.8246000000
80.3984375000	-87.8487000000
80.4000000000	-87.8773000000
80.4015625000	-87.9086000000
80.4031250000	-87.9402000000
80.4046875000	-87.9694000000
80.4062500000	-87.9940000000
80.4078125000	-88.0123000000
80.4093750000	-88.0230000000
80.4109375000	-88.0266000000
80.4125000000	-88.0239000000
80.4140625000	-88.0170000000
80.4156250000	-88.0083000000
80.4171875000	-88.0002000000
80.4187500000	-87.9948000000
80.4203125000	-87.9934000000
80.4218750000	-87.9967000000
80.4234375000	-88.0042000000
80.4250000000	-88.0150000000
80.4265625000	-88.0276000000
80.4281250000	-88.0403000000
80.4296875000	-88.0517000000
80.4312500000	-88.0602000000
80.4328125000	-88.0647000000
80.4343750000	-88.0646000000
80.4359375000	-88.0602000000
80.4375000000	-88.0518000000
80.4390625000	-88.0400000000
80.4406250000	-88.0255000000
80.4421875000	-88.0094000000
80.4437500000	-87.9927000000
80.4453125000	-87.9765000000
80.4468750000	-87.9615000000
80.4484375000	-87.9484000000
80.4500000000	-87.9375000000
80.4515625000	-87.9293000000
80.4531250000	-87.9239000000
80.4546875000	-87.9214000000
80.4562500000	-87.9214000000
80.4578125000	-87.9234000000
80.4593750000	-87.9268000000
80.4609375000	-87.9309000000
80.4625000000	-87.9352000000
80.4640625000	-87.9387000000
80.4656250000	-87.9403000000
80.4671875000	-87.9387000000
80.4687500000	-87.9326000000
80.4703125000	-87.9206000000
80.4718750000	-87.9018000000
80.4734375000	-87.8758000000
80.4750000000	-87.8432000000
80.4765625000	-87.8053000000
80.4781250000	-87.7643000000
80.4796875000	-87.7226000000
80.4812500000	-87.6833000000
80.4828125000	-87.6494000000
80.4843750000	-87.6228000000
80.4859375000	-87.6052000000
80.4875000000	-87.5970000000
80.4890625000	-87.5978000000
80.4906250000	-87.6066000000
80.4921875000	-87.6216000000
80.4937500000	-87.6408000000
80.4953125000	-87.6619000000
80.4968750000	-87.6824000000
80.4984375000	-87.7001000000
80.5000000000	-87.7132000000
80.5015625000	-87.7204000000
80.5031250000	-87.7211000000
80.5046875000	-87.7151000000
80.5062500000	-87.7029000000
80.5078125000	-87.6860000000
80.5093750000	-87.6661000000
80.5109375000	-87.6453000000
80.5125000000	-87.6257000000
80.5140625000	-87.6093000000
80.5156250000	-87.5976000000
80.5171875000	-87.5916000000
80.5187500000	-87.5918000000
80.5203125000	-87.5978000000
80.5218750000	-87.6088000000
80.5234375000	-87.6236000000
80.5250000000	-87.6413000000
80.5265625000	-87.6614000000
80.5281250000	-87.6840000000
80.5296875000	-87.7092000000
80.5312500000	-87.7380000000
80.5328125000	-87.7714000000
80.5343750000	-87.8102000000
80.5359375000	-87.8547000000
80.5375000000	-87.9042000000
80.5390625000	-87.9573000000
80.5406250000	-88.0117000000
80.5421875000	-88.0640000000
80.5437500000	-88.1109000000
80.5453125000	-88.1485000000
80.5468750000	-88.1742000000
80.5484375000	-88.1865000000
80.5500000000	-88.1855000000
80.5515625000	-88.1725000000
80.5531250000	-88.1495000000
80.5546875000	-88.1190000000
80.5562500000	-88.0834000000
80.5578125000	-88.0448000000
80.5593750000	-88.0045000000
80.5609375000	-87.9631000000
80.5625000000	-87.9212000000
80.5640625000	-87.8793000000
80.5656250000	-87.8385000000
80.5671875000	-87.8000000000
80.5687500000	-87.7654000000
80.5703125000	-87.7360000000
80.5718750000	-87.7128000000
80.5734375000	-87.6962000000
80.5750000000	-87.6857000000
80.5765625000	-87.6791000000
80.5781250000	-87.6734000000
80.5796875000	-87.6648000000
80.5812500000	-87.6496000000
80.5828125000	-87.6246000000
80.5843750000	-87.5881000000
80.5859375000	-87.5398000000
80.5875000000	-87.4814000000
80.5890625000	-87.4159000000
80.5906250000	-87.3474000000
80.5921875000	-87.2807000000
80.5937500000	-87.2208000000
80.5953125000	-87.1716000000
80.5968750000	-87.1364000000
80.5984375000	-87.1168000000
80.6000000000	-87.1125000000
80.6015625000	-87.1215000000
80.6031250000	-87.1416000000
80.6046875000	-87.1701000000
80.6062500000	-87.2033000000
80.6078125000	-87.2379000000
80.6093750000	-87.2713000000
80.6109375000	-87.3019000000
80.6125000000	-87.3290000000
80.6140625000	-87.3528000000
80.6156250000	-87.3746000000
80.6171875000	-87.3956000000
80.6187500000	-87.4169000000
80.6203125000	-87.4389000000
80.6218750000	-87.4618000000
80.6234375000	-87.4853000000
80.6250000000	-87.5085000000
80.6265625000	-87.5311000000
80.6281250000	-87.5525000000
80.6296875000	-87.5725000000
80.6312500000	-87.5915000000
80.6328125000	-87.6102000000
80.6343750000	-87.6295000000
80.6359375000	-87.6507000000
80.6375000000	-87.6748000000
80.6390625000	-87.7021000000
80.6406250000	-87.7323000000
80.6421875000	-87.7637000000
80.6437500000	-87.7941000000
80.6453125000	-87.8204000000
80.6468750000	-87.8394000000
80.6484375000	-87.8483000000
80.6500000000	-87.8447000000
80.6515625000	-87.8271000000
80.6531250000	-87.7958000000
80.6546875000	-87.7528000000
80.6562500000	-87.7008000000
80.6578125000	-87.6434000000
80.6593750000	-87.5843000000
80.6609375000	-87.5270000000
80.6625000000	-87.4743000000
80.6640625000	-87.4283000000
80.6656250000	-87.3899000000
80.6671875000	-87.3598000000
80.6687500000	-87.3382000000
80.6703125000	-87.3252000000
80.6718750000	-87.3203000000
80.6734375000	-87.3229000000
80.6750000000	-87.3326000000
80.6765625000	-87.3489000000
80.6781250000	-87.3712000000
80.6796875000	-87.3986000000
80.6812500000	-87.4296000000
80.6828125000	-87.4625000000
80.6843750000	-87.4953000000
80.6859375000	-87.5262000000
80.6875000000	-87.5541000000
80.6890625000	-87.5782000000
80.6906250000	-87.5985000000
80.6921875000	-87.6157000000
80.6937500000	-87.6315000000
80.6953125000	-87.6481000000
80.6968750000	-87.6679000000
80.6984375000	-87.6927000000
80.7000000000	-87.7235000000
80.7015625000	-87.7609000000
80.7031250000	-87.8040000000
80.7046875000	-87.8510000000
80.7062500000	-87.8992000000
80.7078125000	-87.9457000000
80.7093750000	-87.9873000000
80.7109375000	-88.0211000000
80.7125000000	-88.0453000000
80.7140625000	-88.0588000000
80.7156250000	-88.0620000000
80.7171875000	-88.0563000000
80.7187500000	-88.0441000000
80.7203125000	-88.0282000000
80.7218750000	-88.0112000000
80.7234375000	-87.9957000000
80.7250000000	-87.9837000000
80.7265625000	-87.9766000000
80.7281250000	-87.9749000000
80.7296875000	-87.9781000000
80.7312500000	-87.9856000000
80.7328125000	-87.9960000000
80.7343750000	-88.0080000000
80.7359375000	-88.0199000000
80.7375000000	-88.0302000000
80.7390625000	-88.0377000000
80.7406250000	-88.0414000000
80.7421875000	-88.0406000000
80.7437500000	-88.0353000000
80.7453125000	-88.0258000000
80.7468750000	-88.0127000000
80.7484375000	-87.9968000000
80.7500000000	-87.9789000000
80.7515625000	-87.9599000000
80.7531250000	-87.9406000000
80.7546875000	-87.9219000000
80.7562500000	-87.9045000000
80.7578125000	-87.8889000000
80.7593750000	-87.8751000000
80.7609375000	-87.8632000000
80.7625000000	-87.8532000000
80.7640625000	-87.8450000000
80.7656250000	-87.8389000000
80.7671875000	-87.8348000000
80.7687500000	-87.8327000000
80.7703125000	-87.8326000000
80.7718750000	-87.8346000000
80.7734375000	-87.8380000000
80.7750000000	-87.8424000000
80.7765625000	-87.8468000000
80.7781250000	-87.8503000000
80.7796875000	-87.8520000000
80.7812500000	-87.8511000000
80.7828125000	-87.8470000000
80.7843750000	-87.8396000000
80.7859375000	-87.8293000000
80.7875000000	-87.8170000000
80.7890625000	-87.8039000000
80.7906250000	-87.7917000000
80.7921875000	-87.7819000000
80.7937500000	-87.7758000000
80.7953125000	-87.7742000000
80.7968750000	-87.7775000000
80.7984375000	-87.7853000000
80.8000000000	-87.7967000000
80.8015625000	-87.8106000000
80.8031250000	-87.8255000000
80.8046875000	-87.8403000000
80.8062500000	-87.8538000000
80.8078125000	-87.8657000000
80.8093750000	-87.8755000000
80.8109375000	-87.8836000000
80.8125000000	-87.8902000000
80.8140625000	-87.8959000000
80.8156250000	-87.9010000000
80.8171875000	-87.9052000000
80.8187500000	-87.9082000000
80.8203125000	-87.9098000000
80.8218750000	-87.9095000000
80.8234375000	-87.9067000000
80.8250000000	-87.9017000000
80.8265625000	-87.8946000000
80.8281250000	-87.8861000000
80.8296875000	-87.8769000000
80.8312500000	-87.8681000000
80.8328125000	-87.8607000000
80.8343750000	-87.8558000000
80.8359375000	-87.8539000000
80.8375000000	-87.8557000000
80.8390625000	-87.8622000000
80.8406250000	-87.8740000000
80.8421875000	-87.8916000000
80.8437500000	-87.9147000000
80.8453125000	-87.9429000000
80.8468750000	-87.9757000000
80.8484375000	-88.0120000000
80.8500000000	-88.0502000000
80.8515625000	-88.0883000000
80.8531250000	-88.1241000000
80.8546875000	-88.1553000000
80.8562500000	-88.1803000000
80.8578125000	-88.1979000000
80.8593750000	-88.2077000000
80.8609375000	-88.2103000000
80.8625000000	-88.2064000000
80.8640625000	-88.1977000000
80.8656250000	-88.1856000000
80.8671875000	-88.1719000000
80.8687500000	-88.1584000000
80.8703125000	-88.1465000000
80.8718750000	-88.1371000000
80.8734375000	-88.1305000000
80.8750000000	-88.1268000000
80.8765625000	-88.1257000000
80.8781250000	-88.1267000000
80.8796875000	-88.1297000000
80.8812500000	-88.1338000000
80.8828125000	-88.1382000000
80.8843750000	-88.1425000000
80.8859375000	-88.1457000000
80.8875000000	-88.1471000000
80.8890625000	-88.1459000000
80.8906250000	-88.1414000000
80.8921875000	-88.1334000000
80.8937500000	-88.1217000000
80.8953125000	-88.1067000000
80.8968750000	-88.0889000000
80.8984375000	-88.0686000000
80.9000000000	-88.0466000000
80.9015625000	-88.0236000000
80.9031250000	-87.9998000000
80.9046875000	-87.9759000000
80.9062500000	-87.9523000000
80.9078125000	-87.9300000000
80.9093750000	-87.9097000000
80.9109375000	-87.8923000000
80.9125000000	-87.8785000000
80.9140625000	-87.8696000000
80.9156250000	-87.8660000000
80.9171875000	-87.8679000000
80.9187500000	-87.8750000000
80.9203125000	-87.8863000000
80.9218750000	-87.9007000000
80.9234375000	-87.9164000000
80.9250000000	-87.9316000000
80.9265625000	-87.9449000000
80.9281250000	-87.9549000000
80.9296875000	-87.9603000000
80.9312500000	-87.9604000000
80.9328125000	-87.9557000000
80.9343750000	-87.9467000000
80.9359375000	-87.9348000000
80.9375000000	-87.9211000000
80.9390625000	-87.9069000000
80.9406250000	-87.8933000000
80.9421875000	-87.8810000000
80.9437500000	-87.8700000000
80.9453125000	-87.8600000000
80.9468750000	-87.8505000000
80.9484375000	-87.8409000000
80.9500000000	-87.8310000000
80.9515625000	-87.8207000000
80.9531250000	-87.8105000000
80.9546875000	-87.8014000000
80.9562500000	-87.7944000000
80.9578125000	-87.7905000000
80.9593750000	-87.7905000000
80.9609375000	-87.7946000000
80.9625000000	-87.8026000000
80.9640625000	-87.8140000000
80.9656250000	-87.8279000000
80.9671875000	-87.8435000000
80.9687500000	-87.8597000000
80.9703125000	-87.8757000000
80.9718750000	-87.8909000000
80.9734375000	-87.9046000000
80.9750000000	-87.9161000000
80.9765625000	-87.9245000000
80.9781250000	-87.9284000000
80.9796875000	-87.9269000000
80.9812500000	-87.9194000000
80.9828125000	-87.9055000000
80.9843750000	-87.8858000000
80.9859375000	-87.8614000000
80.9875000000	-87.8341000000
80.9890625000	-87.8065000000
80.9906250000	-87.7812000000
80.9921875000	-87.7612000000
80.9937500000	-87.7486000000
80.9953125000	-87.7451000000
80.9968750000	-87.7513000000
80.9984375000	-87.7668000000
81.0000000000	-87.7903000000
81.0015625000	-87.8200000000
81.0031250000	-87.8531000000
81.0046875000	-87.8868000000
81.0062500000	-87.9182000000
81.0078125000	-87.9448000000
81.0093750000	-87.9650000000
81.0109375000	-87.9773000000
81.0125000000	-87.9816000000
81.0140625000	-87.9781000000
81.0156250000	-87.9679000000
81.0171875000	-87.9523000000
81.0187500000	-87.9324000000
81.0203125000	-87.9096000000
81.0218750000	-87.8850000000
81.0234375000	-87.8597000000
81.0250000000	-87.8348000000
81.0265625000	-87.8110000000
81.0281250000	-87.7890000000
81.0296875000	-87.7695000000
81.0312500000	-87.7529000000
81.0328125000	-87.7391000000
81.0343750000	-87.7287000000
81.0359375000	-87.7221000000
81.0375000000	-87.7195000000
81.0390625000	-87.7214000000
81.0406250000	-87.7284000000
81.0421875000	-87.7407000000
81.0437500000	-87.7580000000
81.0453125000	-87.7797000000
81.0468750000	-87.8045000000
81.0484375000	-87.8306000000
81.0500000000	-87.8554000000
81.0515625000	-87.8759000000
81.0531250000	-87.8895000000
81.0546875000	-87.8940000000
81.0562500000	-87.8883000000
81.0578125000	-87.8730000000
81.0593750000	-87.8498000000
81.0609375000	-87.8216000000
81.0625000000	-87.7921000000
81.0640625000	-87.7652000000
81.0656250000	-87.7444000000
81.0671875000	-87.7324000000
81.0687500000	-87.7307000000
81.0703125000	-87.7399000000
81.0718750000	-87.7589000000
81.0734375000	-87.7858000000
81.0750000000	-87.8182000000
81.0765625000	-87.8536000000
81.0781250000	-87.8898000000
81.0796875000	-87.9245000000
81.0812500000	-87.9564000000
81.0828125000	-87.9848000000
81.0843750000	-88.0097000000
81.0859375000	-88.0320000000
81.0875000000	-88.0526000000
81.0890625000	-88.0723000000
81.0906250000	-88.0917000000
81.0921875000	-88.1108000000
81.0937500000	-88.1293000000
81.0953125000	-88.1457000000
81.0968750000	-88.1583000000
81.0984375000	-88.1653000000
81.1000000000	-88.1647000000
81.1015625000	-88.1551000000
81.1031250000	-88.1360000000
81.1046875000	-88.1076000000
81.1062500000	-88.0708000000
81.1078125000	-88.0276000000
81.1093750000	-87.9806000000
81.1109375000	-87.9329000000
81.1125000000	-87.8878000000
81.1140625000	-87.8482000000
81.1156250000	-87.8163000000
81.1171875000	-87.7935000000
81.1187500000	-87.7796000000
81.1203125000	-87.7738000000
81.1218750000	-87.7747000000
81.1234375000	-87.7804000000
81.1250000000	-87.7890000000
81.1265625000	-87.7984000000
81.1281250000	-87.8073000000
81.1296875000	-87.8151000000
81.1312500000	-87.8225000000
81.1328125000	-87.8300000000
81.1343750000	-87.8385000000
81.1359375000	-87.8490000000
81.1375000000	-87.8622000000
81.1390625000	-87.8780000000
81.1406250000	-87.8955000000
81.1421875000	-87.9135000000
81.1437500000	-87.9306000000
81.1453125000	-87.9455000000
81.1468750000	-87.9566000000
81.1484375000	-87.9629000000
81.1500000000	-87.9641000000
81.1515625000	-87.9605000000
81.1531250000	-87.9530000000
81.1546875000	-87.9425000000
81.1562500000	-87.9300000000
81.1578125000	-87.9168000000
81.1593750000	-87.9037000000
81.1609375000	-87.8911000000
81.1625000000	-87.8788000000
81.1640625000	-87.8664000000
81.1656250000	-87.8530000000
81.1671875000	-87.8377000000
81.1687500000	-87.8196000000
81.1703125000	-87.7978000000
81.1718750000	-87.7721000000
81.1734375000	-87.7429000000
81.1750000000	-87.7112000000
81.1765625000	-87.6784000000
81.1781250000	-87.6464000000
81.1796875000	-87.6168000000
81.1812500000	-87.5911000000
81.1828125000	-87.5708000000
81.1843750000	-87.5568000000
81.1859375000	-87.5500000000
81.1875000000	-87.5507000000
81.1890625000	-87.5585000000
81.1906250000	-87.5729000000
81.1921875000	-87.5928000000
81.1937500000	-87.6172000000
81.1953125000	-87.6450000000
81.1968750000	-87.6747000000
81.1984375000	-87.7047000000
81.2000000000	-87.7336000000
81.2015625000	-87.7599000000
81.2031250000	-87.7823000000
81.2046875000	-87.8001000000
81.2062500000	-87.8126000000
81.2078125000	-87.8197000000
81.2093750000	-87.8220000000
81.2109375000	-87.8205000000
81.2125000000	-87.8165000000
81.2140625000	-87.8113000000
81.2156250000	-87.8062000000
81.2171875000	-87.8021000000
81.2187500000	-87.7997000000
81.2203125000	-87.7989000000
81.2218750000	-87.7993000000
81.2234375000	-87.8002000000
81.2250000000	-87.8003000000
81.2265625000	-87.7988000000
81.2281250000	-87.7949000000
81.2296875000	-87.7887000000
81.2312500000	-87.7803000000
81.2328125000	-87.7702000000
81.2343750000	-87.7587000000
81.2359375000	-87.7466000000
81.2375000000	-87.7346000000
81.2390625000	-87.7234000000
81.2406250000	-87.7130000000
81.2421875000	-87.7037000000
81.2437500000	-87.6953000000
81.2453125000	-87.6877000000
81.2468750000	-87.6805000000
81.2484375000	-87.6737000000
81.2500000000	-87.6671000000
81.2515625000	-87.6606000000
81.2531250000	-87.6549000000
81.2546875000	-87.6505000000
81.2562500000	-87.6481000000
81.2578125000	-87.6488000000
81.2593750000	-87.6541000000
81.2609375000	-87.6654000000
81.2625000000	-87.6835000000
81.2640625000	-87.7090000000
81.2656250000	-87.7419000000
81.2671875000	-87.7812000000
81.2687500000	-87.8257000000
81.2703125000	-87.8736000000
81.2718750000	-87.9227000000
81.2734375000	-87.9708000000
81.2750000000	-88.0157000000
81.2765625000	-88.0560000000
81.2781250000	-88.0904000000
81.2796875000	-88.1186000000
81.2812500000	-88.1407000000
81.2828125000	-88.1574000000
81.2843750000	-88.1697000000
81.2859375000	-88.1784000000
81.2875000000	-88.1841000000
81.2890625000	-88.1873000000
81.2906250000	-88.1874000000
81.2921875000	-88.1839000000
81.2937500000	-88.1759000000
81.2953125000	-88.1624000000
81.2968750000	-88.1427000000
81.2984375000	-88.1165000000
81.3000000000	-88.0846000000
81.3015625000	-88.0481000000
81.3031250000	-88.0089000000
81.3046875000	-87.9692000000
81.3062500000	-87.9311000000
81.3078125000	-87.8965000000
81.3093750000	-87.8667000000
81.3109375000	-87.8425000000
81.3125000000	-87.8242000000
81.3140625000	-87.8118000000
81.3156250000	-87.8052000000
81.3171875000	-87.8042000000
81.3187500000	-87.8087000000
81.3203125000	-87.8186000000
81.3218750000	-87.8334000000
81.3234375000	-87.8526000000
81.3250000000	-87.8755000000
81.3265625000	-87.9008000000
81.3281250000	-87.9270000000
81.3296875000	-87.9526000000
81.3312500000	-87.9761000000
81.3328125000	-87.9966000000
81.3343750000	-88.0137000000
81.3359375000	-88.0274000000
81.3375000000	-88.0381000000
81.3390625000	-88.0460000000
81.3406250000	-88.0517000000
81.3421875000	-88.0556000000
81.3437500000	-88.0578000000
81.3453125000	-88.0580000000
81.3468750000	-88.0557000000
81.3484375000	-88.0505000000
81.3500000000	-88.0421000000
81.3515625000	-88.0309000000
81.3531250000	-88.0172000000
81.3546875000	-88.0022000000
81.3562500000	-87.9871000000
81.3578125000	-87.9731000000
81.3593750000	-87.9614000000
81.3609375000	-87.9532000000
81.3625000000	-87.9491000000
81.3640625000	-87.9490000000
81.3656250000	-87.9526000000
81.3671875000	-87.9590000000
81.3687500000	-87.9669000000
81.3703125000	-87.9747000000
81.3718750000	-87.9808000000
81.3734375000	-87.9843000000
81.3750000000	-87.9845000000
81.3765625000	-87.9806000000
81.3781250000	-87.9727000000
81.3796875000	-87.9613000000
81.3812500000	-87.9471000000
81.3828125000	-87.9308000000
81.3843750000	-87.9130000000
81.3859375000	-87.8943000000
81.3875000000	-87.8750000000
81.3890625000	-87.8554000000
81.3906250000	-87.8359000000
81.3921875000	-87.8171000000
81.3937500000	-87.7999000000
81.3953125000	-87.7856000000
81.3968750000	-87.7759000000
81.3984375000	-87.7721000000
81.4000000000	-87.7755000000
81.4015625000	-87.7865000000
81.4031250000	-87.8051000000
81.4046875000	-87.8300000000
81.4062500000	-87.8591000000
81.4078125000	-87.8891000000
81.4093750000	-87.9161000000
81.4109375000	-87.9360000000
81.4125000000	-87.9453000000
81.4140625000	-87.9417000000
81.4156250000	-87.9246000000
81.4171875000	-87.8951000000
81.4187500000	-87.8562000000
81.4203125000	-87.8123000000
81.4218750000	-87.7688000000
81.4234375000	-87.7310000000
81.4250000000	-87.7036000000
81.4265625000	-87.6903000000
81.4281250000	-87.6931000000
81.4296875000	-87.7122000000
81.4312500000	-87.7463000000
81.4328125000	-87.7925000000
81.4343750000	-87.8466000000
81.4359375000	-87.9034000000
81.4375000000	-87.9576000000
81.4390625000	-88.0044000000
81.4406250000	-88.0397000000
81.4421875000	-88.0606000000
81.4437500000	-88.0660000000
81.4453125000	-88.0561000000
81.4468750000	-88.0328000000
81.4484375000	-87.9985000000
81.4500000000	-87.9567000000
81.4515625000	-87.9111000000
81.4531250000	-87.8652000000
81.4546875000	-87.8221000000
81.4562500000	-87.7845000000
81.4578125000	-87.7546000000
81.4593750000	-87.7336000000
81.4609375000	-87.7215000000
81.4625000000	-87.7176000000
81.4640625000	-87.7207000000
81.4656250000	-87.7288000000
81.4671875000	-87.7399000000
81.4687500000	-87.7520000000
81.4703125000	-87.7633000000
81.4718750000	-87.7725000000
81.4734375000	-87.7790000000
81.4750000000	-87.7824000000
81.4765625000	-87.7830000000
81.4781250000	-87.7810000000
81.4796875000	-87.7765000000
81.4812500000	-87.7694000000
81.4828125000	-87.7598000000
81.4843750000	-87.7478000000
81.4859375000	-87.7341000000
81.4875000000	-87.7195000000
81.4890625000	-87.7055000000
81.4906250000	-87.6936000000
81.4921875000	-87.6856000000
81.4937500000	-87.6837000000
81.4953125000	-87.6892000000
81.4968750000	-87.7029000000
81.4984375000	-87.7245000000
81.5000000000	-87.7530000000
81.5015625000	-87.7864000000
81.5031250000	-87.8220000000
81.5046875000	-87.8565000000
81.5062500000	-87.8868000000
81.5078125000	-87.9103000000
81.5093750000	-87.9250000000
81.5109375000	-87.9298000000
81.5125000000	-87.9244000000
81.5140625000	-87.9101000000
81.5156250000	-87.8890000000
81.5171875000	-87.8640000000
81.5187500000	-87.8385000000
81.5203125000	-87.8160000000
81.5218750000	-87.7992000000
81.5234375000	-87.7897000000
81.5250000000	-87.7880000000
81.5265625000	-87.7935000000
81.5281250000	-87.8040000000
81.5296875000	-87.8167000000
81.5312500000	-87.8280000000
81.5328125000	-87.8346000000
81.5343750000	-87.8336000000
81.5359375000	-87.8232000000
81.5375000000	-87.8034000000
81.5390625000	-87.7753000000
81.5406250000	-87.7419000000
81.5421875000	-87.7064000000
81.5437500000	-87.6724000000
81.5453125000	-87.6435000000
81.5468750000	-87.6224000000
81.5484375000	-87.6110000000
81.5500000000	-87.6100000000
81.5515625000	-87.6188000000
81.5531250000	-87.6359000000
81.5546875000	-87.6586000000
81.5562500000	-87.6839000000
81.5578125000	-87.7085000000
81.5593750000	-87.7297000000
81.5609375000	-87.7452000000
81.5625000000	-87.7539000000
81.5640625000	-87.7556000000
81.5656250000	-87.7517000000
81.5671875000	-87.7442000000
81.5687500000	-87.7359000000
81.5703125000	-87.7296000000
81.5718750000	-87.7274000000
81.5734375000	-87.7305000000
81.5750000000	-87.7392000000
81.5765625000	-87.7530000000
81.5781250000	-87.7706000000
81.5796875000	-87.7898000000
81.5812500000	-87.8084000000
81.5828125000	-87.8245000000
81.5843750000	-87.8369000000
81.5859375000	-87.8449000000
81.5875000000	-87.8488000000
81.5890625000	-87.8491000000
81.5906250000	-87.8470000000
81.5921875000	-87.8440000000
81.5937500000	-87.8417000000
81.5953125000	-87.8416000000
81.5968750000	-87.8449000000
81.5984375000	-87.8526000000
81.6000000000	-87.8653000000
81.6015625000	-87.8833000000
81.6031250000	-87.9068000000
81.6046875000	-87.9356000000
81.6062500000	-87.9684000000
81.6078125000	-88.0036000000
81.6093750000	-88.0386000000
81.6109375000	-88.0707000000
81.6125000000	-88.0970000000
81.6140625000	-88.1143000000
81.6156250000	-88.1204000000
81.6171875000	-88.1141000000
81.6187500000	-88.0957000000
81.6203125000	-88.0661000000
81.6218750000	-88.0280000000
81.6234375000	-87.9842000000
81.6250000000	-87.9383000000
81.6265625000	-87.8933000000
81.6281250000	-87.8521000000
81.6296875000	-87.8170000000
81.6312500000	-87.7897000000
81.6328125000	-87.7712000000
81.6343750000	-87.7615000000
81.6359375000	-87.7604000000
81.6375000000	-87.7671000000
81.6390625000	-87.7803000000
81.6406250000	-87.7987000000
81.6421875000	-87.8204000000
81.6437500000	-87.8437000000
81.6453125000	-87.8665000000
81.6468750000	-87.8870000000
81.6484375000	-87.9031000000
81.6500000000	-87.9134000000
81.6515625000	-87.9175000000
81.6531250000	-87.9152000000
81.6546875000	-87.9068000000
81.6562500000	-87.8932000000
81.6578125000	-87.8760000000
81.6593750000	-87.8574000000
81.6609375000	-87.8393000000
81.6625000000	-87.8234000000
81.6640625000	-87.8111000000
81.6656250000	-87.8034000000
81.6671875000	-87.8005000000
81.6687500000	-87.8022000000
81.6703125000	-87.8081000000
81.6718750000	-87.8171000000
81.6734375000	-87.8278000000
81.6750000000	-87.8391000000
81.6765625000	-87.8501000000
81.6781250000	-87.8601000000
81.6796875000	-87.8687000000
81.6812500000	-87.8755000000
81.6828125000	-87.8804000000
81.6843750000	-87.8834000000
81.6859375000	-87.8843000000
81.6875000000	-87.8828000000
81.6890625000	-87.8783000000
81.6906250000	-87.8698000000
81.6921875000	-87.8567000000
81.6937500000	-87.8376000000
81.6953125000	-87.8114000000
81.6968750000	-87.7772000000
81.6984375000	-87.7348000000
81.7000000000	-87.6850000000
81.7015625000	-87.6297000000
81.7031250000	-87.5721000000
81.7046875000	-87.5160000000
81.7062500000	-87.4657000000
81.7078125000	-87.4249000000
81.7093750000	-87.3965000000
81.7109375000	-87.3821000000
81.7125000000	-87.3819000000
81.7140625000	-87.3946000000
81.7156250000	-87.4173000000
81.7171875000	-87.4454000000
81.7187500000	-87.4744000000
81.7203125000	-87.5000000000
81.7218750000	-87.5190000000
81.7234375000	-87.5301000000
81.7250000000	-87.5339000000
81.7265625000	-87.5326000000
81.7281250000	-87.5292000000
81.7296875000	-87.5276000000
81.7312500000	-87.5308000000
81.7328125000	-87.5414000000
81.7343750000	-87.5605000000
81.7359375000	-87.5885000000
81.7375000000	-87.6241000000
81.7390625000	-87.6656000000
81.7406250000	-87.7104000000
81.7421875000	-87.7563000000
81.7437500000	-87.8012000000
81.7453125000	-87.8432000000
81.7468750000	-87.8810000000
81.7484375000	-87.9133000000
81.7500000000	-87.9395000000
81.7515625000	-87.9586000000
81.7531250000	-87.9695000000
81.7546875000	-87.9709000000
81.7562500000	-87.9619000000
81.7578125000	-87.9422000000
81.7593750000	-87.9121000000
81.7609375000	-87.8728000000
81.7625000000	-87.8262000000
81.7640625000	-87.7753000000
81.7656250000	-87.7233000000
81.7671875000	-87.6741000000
81.7687500000	-87.6308000000
81.7703125000	-87.5959000000
81.7718750000	-87.5712000000
81.7734375000	-87.5574000000
81.7750000000	-87.5543000000
81.7765625000	-87.5610000000
81.7781250000	-87.5757000000
81.7796875000	-87.5967000000
81.7812500000	-87.6221000000
81.7828125000	-87.6505000000
81.7843750000	-87.6806000000
81.7859375000	-87.7114000000
81.7875000000	-87.7421000000
81.7890625000	-87.7720000000
81.7906250000	-87.8006000000
81.7921875000	-87.8270000000
81.7937500000	-87.8504000000
81.7953125000	-87.8698000000
81.7968750000	-87.8847000000
81.7984375000	-87.8948000000
81.8000000000	-87.9005000000
81.8015625000	-87.9024000000
81.8031250000	-87.9010000000
81.8046875000	-87.8975000000
81.8062500000	-87.8924000000
81.8078125000	-87.8861000000
81.8093750000	-87.8789000000
81.8109375000	-87.8701000000
81.8125000000	-87.8593000000
81.8140625000	-87.8459000000
81.8156250000	-87.8295000000
81.8171875000	-87.8101000000
81.8187500000	-87.7884000000
81.8203125000	-87.7653000000
81.8218750000	-87.7425000000
81.8234375000	-87.7223000000
81.8250000000	-87.7067000000
81.8265625000	-87.6975000000
81.8281250000	-87.6959000000
81.8296875000	-87.7019000000
81.8312500000	-87.7149000000
81.8328125000	-87.7333000000
81.8343750000	-87.7549000000
81.8359375000	-87.7770000000
81.8375000000	-87.7968000000
81.8390625000	-87.8124000000
81.8406250000	-87.8223000000
81.8421875000	-87.8262000000
81.8437500000	-87.8246000000
81.8453125000	-87.8190000000
81.8468750000	-87.8108000000
81.8484375000	-87.8015000000
81.8500000000	-87.7925000000
81.8515625000	-87.7841000000
81.8531250000	-87.7762000000
81.8546875000	-87.7681000000
81.8562500000	-87.7590000000
81.8578125000	-87.7482000000
81.8593750000	-87.7356000000
81.8609375000	-87.7220000000
81.8625000000	-87.7087000000
81.8640625000	-87.6976000000
81.8656250000	-87.6905000000
81.8671875000	-87.6888000000
81.8687500000	-87.6932000000
81.8703125000	-87.7034000000
81.8718750000	-87.7182000000
81.8734375000	-87.7357000000
81.8750000000	-87.7534000000
81.8765625000	-87.7692000000
81.8781250000	-87.7814000000
81.8796875000	-87.7893000000
81.8812500000	-87.7929000000
81.8828125000	-87.7934000000
81.8843750000	-87.7923000000
81.8859375000	-87.7919000000
81.8875000000	-87.7936000000
81.8890625000	-87.7989000000
81.8906250000	-87.8082000000
81.8921875000	-87.8215000000
81.8937500000	-87.8384000000
81.8953125000	-87.8582000000
81.8968750000	-87.8798000000
81.8984375000	-87.9019000000
81.9000000000	-87.9233000000
81.9015625000	-87.9428000000
81.9031250000	-87.9594000000
81.9046875000	-87.9724000000
81.9062500000	-87.9811000000
81.9078125000	-87.9854000000
81.9093750000	-87.9856000000
81.9109375000	-87.9830000000
81.9125000000	-87.9792000000
81.9140625000	-87.9758000000
81.9156250000	-87.9747000000
81.9171875000	-87.9773000000
81.9187500000	-87.9850000000
81.9203125000	-87.9981000000
81.9218750000	-88.0167000000
81.9234375000	-88.0397000000
81.9250000000	-88.0653000000
81.9265625000	-88.0915000000
81.9281250000	-88.1159000000
81.9296875000	-88.1361000000
81.9312500000	-88.1495000000
81.9328125000	-88.1548000000
81.9343750000	-88.1512000000
81.9359375000	-88.1387000000
81.9375000000	-88.1182000000
81.9390625000	-88.0912000000
81.9406250000	-88.0597000000
81.9421875000	-88.0260000000
81.9437500000	-87.9923000000
81.9453125000	-87.9611000000
81.9468750000	-87.9346000000
81.9484375000	-87.9148000000
81.9500000000	-87.9032000000
81.9515625000	-87.9006000000
81.9531250000	-87.9065000000
81.9546875000	-87.9196000000
81.9562500000	-87.9376000000
81.9578125000	-87.9573000000
81.9593750000	-87.9750000000
81.9609375000	-87.9872000000
81.9625000000	-87.9907000000
81.9640625000	-87.9835000000
81.9656250000	-87.9656000000
81.9671875000	-87.9385000000
81.9687500000	-87.9053000000
81.9703125000	-87.8696000000
81.9718750000	-87.8351000000
81.9734375000	-87.8056000000
81.9750000000	-87.7836000000
81.9765625000	-87.7706000000
81.9781250000	-87.7662000000
81.9796875000	-87.7695000000
81.9812500000	-87.7779000000
81.9828125000	-87.7889000000
81.9843750000	-87.7996000000
81.9859375000	-87.8074000000
81.9875000000	-87.8099000000
81.9890625000	-87.8052000000
81.9906250000	-87.7927000000
81.9921875000	-87.7727000000
81.9937500000	-87.7461000000
81.9953125000	-87.7143000000
81.9968750000	-87.6792000000
81.9984375000	-87.6431000000
82.0000000000	-87.6080000000
82.0015625000	-87.5757000000
82.0031250000	-87.5476000000
82.0046875000	-87.5249000000
82.0062500000	-87.5079000000
82.0078125000	-87.4964000000
82.0093750000	-87.4903000000
82.0109375000	-87.4885000000
82.0125000000	-87.4899000000
82.0140625000	-87.4931000000
82.0156250000	-87.4970000000
82.0171875000	-87.5004000000
82.0187500000	-87.5025000000
82.0203125000	-87.5030000000
82.0218750000	-87.5019000000
82.0234375000	-87.4999000000
82.0250000000	-87.4980000000
82.0265625000	-87.4974000000
82.0281250000	-87.4993000000
82.0296875000	-87.5047000000
82.0312500000	-87.5140000000
82.0328125000	-87.5271000000
82.0343750000	-87.5430000000
82.0359375000	-87.5605000000
82.0375000000	-87.5772000000
82.0390625000	-87.5910000000
82.0406250000	-87.5997000000
82.0421875000	-87.6018000000
82.0437500000	-87.5968000000
82.0453125000	-87.5851000000
82.0468750000	-87.5679000000
82.0484375000	-87.5470000000
82.0500000000	-87.5250000000
82.0515625000	-87.5046000000
82.0531250000	-87.4882000000
82.0546875000	-87.4782000000
82.0562500000	-87.4760000000
82.0578125000	-87.4827000000
82.0593750000	-87.4987000000
82.0609375000	-87.5235000000
82.0625000000	-87.5559000000
82.0640625000	-87.5938000000
82.0656250000	-87.6348000000
82.0671875000	-87.6759000000
82.0687500000	-87.7143000000
82.0703125000	-87.7470000000
82.0718750000	-87.7720000000
82.0734375000	-87.7879000000
82.0750000000	-87.7945000000
82.0765625000	-87.7927000000
82.0781250000	-87.7851000000
82.0796875000	-87.7745000000
82.0812500000	-87.7642000000
82.0828125000	-87.7571000000
82.0843750000	-87.7561000000
82.0859375000	-87.7629000000
82.0875000000	-87.7784000000
82.0890625000	-87.8022000000
82.0906250000	-87.8332000000
82.0921875000	-87.8695000000
82.0937500000	-87.9088000000
82.0953125000	-87.9486000000
82.0968750000	-87.9864000000
82.0984375000	-88.0205000000
82.1000000000	-88.0496000000
82.1015625000	-88.0730000000
82.1031250000	-88.0902000000
82.1046875000	-88.1014000000
82.1062500000	-88.1069000000
82.1078125000	-88.1068000000
82.1093750000	-88.1013000000
82.1109375000	-88.0908000000
82.1125000000	-88.0755000000
82.1140625000	-88.0559000000
82.1156250000	-88.0326000000
82.1171875000	-88.0064000000
82.1187500000	-87.9782000000
82.1203125000	-87.9486000000
82.1218750000	-87.9183000000
82.1234375000	-87.8877000000
82.1250000000	-87.8575000000
82.1265625000	-87.8280000000
82.1281250000	-87.7999000000
82.1296875000	-87.7741000000
82.1312500000	-87.7518000000
82.1328125000	-87.7339000000
82.1343750000	-87.7213000000
82.1359375000	-87.7147000000
82.1375000000	-87.7142000000
82.1390625000	-87.7194000000
82.1406250000	-87.7294000000
82.1421875000	-87.7432000000
82.1437500000	-87.7591000000
82.1453125000	-87.7755000000
82.1468750000	-87.7913000000
82.1484375000	-87.8057000000
82.1500000000	-87.8186000000
82.1515625000	-87.8308000000
82.1531250000	-87.8439000000
82.1546875000	-87.8591000000
82.1562500000	-87.8778000000
82.1578125000	-87.9012000000
82.1593750000	-87.9297000000
82.1609375000	-87.9633000000
82.1625000000	-88.0012000000
82.1640625000	-88.0419000000
82.1656250000	-88.0836000000
82.1671875000	-88.1244000000
82.1687500000	-88.1619000000
82.1703125000	-88.1943000000
82.1718750000	-88.2202000000
82.1734375000	-88.2384000000
82.1750000000	-88.2483000000
82.1765625000	-88.2490000000
82.1781250000	-88.2401000000
82.1796875000	-88.2212000000
82.1812500000	-88.1922000000
82.1828125000	-88.1534000000
82.1843750000	-88.1053000000
82.1859375000	-88.0494000000
82.1875000000	-87.9877000000
82.1890625000	-87.9225000000
82.1906250000	-87.8559000000
82.1921875000	-87.7903000000
82.1937500000	-87.7277000000
82.1953125000	-87.6700000000
82.1968750000	-87.6183000000
82.1984375000	-87.5738000000
82.2000000000	-87.5372000000
82.2015625000	-87.5094000000
82.2031250000	-87.4909000000
82.2046875000	-87.4822000000
82.2062500000	-87.4835000000
82.2078125000	-87.4947000000
82.2093750000	-87.5152000000
82.2109375000	-87.5436000000
82.2125000000	-87.5783000000
82.2140625000	-87.6171000000
82.2156250000	-87.6576000000
82.2171875000	-87.6970000000
82.2187500000	-87.7333000000
82.2203125000	-87.7647000000
82.2218750000	-87.7900000000
82.2234375000	-87.8086000000
82.2250000000	-87.8204000000
82.2265625000	-87.8253000000
82.2281250000	-87.8235000000
82.2296875000	-87.8151000000
82.2312500000	-87.8004000000
82.2328125000	-87.7796000000
82.2343750000	-87.7530000000
82.2359375000	-87.7212000000
82.2375000000	-87.6848000000
82.2390625000	-87.6447000000
82.2406250000	-87.6018000000
82.2421875000	-87.5569000000
82.2437500000	-87.5114000000
82.2453125000	-87.4665000000
82.2468750000	-87.4235000000
82.2484375000	-87.3836000000
82.2500000000	-87.3485000000
82.2515625000	-87.3197000000
82.2531250000	-87.2985000000
82.2546875000	-87.2861000000
82.2562500000	-87.2837000000
82.2578125000	-87.2915000000
82.2593750000	-87.3091000000
82.2609375000	-87.3354000000
82.2625000000	-87.3687000000
82.2640625000	-87.4069000000
82.2656250000	-87.4478000000
82.2671875000	-87.4890000000
82.2687500000	-87.5286000000
82.2703125000	-87.5654000000
82.2718750000	-87.5986000000
82.2734375000	-87.6280000000
82.2750000000	-87.6536000000
82.2765625000	-87.6758000000
82.2781250000	-87.6952000000
82.2796875000	-87.7117000000
82.2812500000	-87.7255000000
82.2828125000	-87.7366000000
82.2843750000	-87.7448000000
82.2859375000	-87.7500000000
82.2875000000	-87.7527000000
82.2890625000	-87.7536000000
82.2906250000	-87.7533000000
82.2921875000	-87.7525000000
82.2937500000	-87.7518000000
82.2953125000	-87.7515000000
82.2968750000	-87.7516000000
82.2984375000	-87.7522000000
82.3000000000	-87.7529000000
82.3015625000	-87.7533000000
82.3031250000	-87.7537000000
82.3046875000	-87.7546000000
82.3062500000	-87.7566000000
82.3078125000	-87.7604000000
82.3093750000	-87.7667000000
82.3109375000	-87.7756000000
82.3125000000	-87.7871000000
82.3140625000	-87.8006000000
82.3156250000	-87.8147000000
82.3171875000	-87.8279000000
82.3187500000	-87.8391000000
82.3203125000	-87.8474000000
82.3218750000	-87.8529000000
82.3234375000	-87.8560000000
82.3250000000	-87.8577000000
82.3265625000	-87.8588000000
82.3281250000	-87.8603000000
82.3296875000	-87.8625000000
82.3312500000	-87.8654000000
82.3328125000	-87.8685000000
82.3343750000	-87.8709000000
82.3359375000	-87.8719000000
82.3375000000	-87.8707000000
82.3390625000	-87.8669000000
82.3406250000	-87.8605000000
82.3421875000	-87.8517000000
82.3437500000	-87.8408000000
82.3453125000	-87.8279000000
82.3468750000	-87.8136000000
82.3484375000	-87.7977000000
82.3500000000	-87.7797000000
82.3515625000	-87.7593000000
82.3531250000	-87.7364000000
82.3546875000	-87.7114000000
82.3562500000	-87.6851000000
82.3578125000	-87.6584000000
82.3593750000	-87.6323000000
82.3609375000	-87.6081000000
82.3625000000	-87.5869000000
82.3640625000	-87.5694000000
82.3656250000	-87.5563000000
82.3671875000	-87.5475000000
82.3687500000	-87.5432000000
82.3703125000	-87.5432000000
82.3718750000	-87.5479000000
82.3734375000	-87.5573000000
82.3750000000	-87.5719000000
82.3765625000	-87.5916000000
82.3781250000	-87.6163000000
82.3796875000	-87.6458000000
82.3812500000	-87.6795000000
82.3828125000	-87.7161000000
82.3843750000	-87.7540000000
82.3859375000	-87.7915000000
82.3875000000	-87.8267000000
82.3890625000	-87.8580000000
82.3906250000	-87.8840000000
82.3921875000	-87.9039000000
82.3937500000	-87.9174000000
82.3953125000	-87.9248000000
82.3968750000	-87.9270000000
82.3984375000	-87.9253000000
82.4000000000	-87.9207000000
82.4015625000	-87.9147000000
82.4031250000	-87.9079000000
82.4046875000	-87.9011000000
82.4062500000	-87.8954000000
82.4078125000	-87.8916000000
82.4093750000	-87.8902000000
82.4109375000	-87.8911000000
82.4125000000	-87.8942000000
82.4140625000	-87.8989000000
82.4156250000	-87.9047000000
82.4171875000	-87.9106000000
82.4187500000	-87.9152000000
82.4203125000	-87.9174000000
82.4218750000	-87.9163000000
82.4234375000	-87.9112000000
82.4250000000	-87.9021000000
82.4265625000	-87.8895000000
82.4281250000	-87.8746000000
82.4296875000	-87.8583000000
82.4312500000	-87.8416000000
82.4328125000	-87.8254000000
82.4343750000	-87.8100000000
82.4359375000	-87.7955000000
82.4375000000	-87.7813000000
82.4390625000	-87.7676000000
82.4406250000	-87.7544000000
82.4421875000	-87.7419000000
82.4437500000	-87.7306000000
82.4453125000	-87.7216000000
82.4468750000	-87.7158000000
82.4484375000	-87.7138000000
82.4500000000	-87.7162000000
82.4515625000	-87.7230000000
82.4531250000	-87.7338000000
82.4546875000	-87.7483000000
82.4562500000	-87.7664000000
82.4578125000	-87.7877000000
82.4593750000	-87.8118000000
82.4609375000	-87.8387000000
82.4625000000	-87.8684000000
82.4640625000	-87.9007000000
82.4656250000	-87.9353000000
82.4671875000	-87.9715000000
82.4687500000	-88.0083000000
82.4703125000	-88.0446000000
82.4718750000	-88.0795000000
82.4734375000	-88.1119000000
82.4750000000	-88.1406000000
82.4765625000	-88.1646000000
82.4781250000	-88.1834000000
82.4796875000	-88.1968000000
82.4812500000	-88.2047000000
82.4828125000	-88.2074000000
82.4843750000	-88.2053000000
82.4859375000	-88.1991000000
82.4875000000	-88.1894000000
82.4890625000	-88.1767000000
82.4906250000	-88.1618000000
82.4921875000	-88.1452000000
82.4937500000	-88.1274000000
82.4953125000	-88.1089000000
82.4968750000	-88.0904000000
82.4984375000	-88.0724000000
82.5000000000	-88.0555000000
