75.0000000000	-79.8928000000
75.0031250000	-79.9230000000
75.0062500000	-79.9507000000
75.0093750000	-79.9749000000
75.0125000000	-79.9954000000
75.0156250000	-80.0125000000
75.0187500000	-80.0267000000
75.0218750000	-80.0390000000
75.0250000000	-80.0505000000
75.0281250000	-80.0625000000
75.0312500000	-80.0757000000
75.0343750000	-80.0906000000
75.0375000000	-80.1074000000
75.0406250000	-80.1261000000
75.0437500000	-80.1463000000
75.0468750000	-80.1674000000
75.0500000000	-80.1887000000
75.0531250000	-80.2096000000
75.0562500000	-80.2291000000
75.0593750000	-80.2467000000
75.0625000000	-80.2617000000
75.0656250000	-80.2736000000
75.0687500000	-80.2820000000
75.0718750000	-80.2865000000
75.0750000000	-80.2870000000
75.0781250000	-80.2835000000
75.0812500000	-80.2759000000
75.0843750000	-80.2648000000
75.0875000000	-80.2505000000
75.0906250000	-80.2334000000
75.0937500000	-80.2145000000
75.0968750000	-80.1947000000
75.1000000000	-80.1752000000
75.1031250000	-80.1570000000
75.1062500000	-80.1412000000
75.1093750000	-80.1290000000
75.1125000000	-80.1213000000
75.1156250000	-80.1189000000
75.1187500000	-80.1219000000
75.1218750000	-80.1306000000
75.1250000000	-80.1449000000
75.1281250000	-80.1641000000
75.1312500000	-80.1875000000
75.1343750000	-80.2142000000
75.1375000000	-80.2430000000
75.1406250000	-80.2727000000
75.1437500000	-80.3020000000
75.1468750000	-80.3295000000
75.1500000000	-80.3540000000
75.1531250000	-80.3744000000
75.1562500000	-80.3897000000
75.1593750000	-80.3991000000
75.1625000000	-80.4018000000
75.1656250000	-80.3973000000
75.1687500000	-80.3855000000
75.1718750000	-80.3662000000
75.1750000000	-80.3400000000
75.1781250000	-80.3076000000
75.1812500000	-80.2701000000
75.1843750000	-80.2290000000
75.1875000000	-80.1859000000
75.1906250000	-80.1426000000
75.1937500000	-80.1006000000
75.1968750000	-80.0613000000
75.2000000000	-80.0257000000
75.2031250000	-79.9948000000
75.2062500000	-79.9694000000
75.2093750000	-79.9500000000
75.2125000000	-79.9369000000
75.2156250000	-79.9297000000
75.2187500000	-79.9285000000
75.2218750000	-79.9327000000
75.2250000000	-79.9417000000
75.2281250000	-79.9547000000
75.2312500000	-79.9708000000
75.2343750000	-79.9889000000
75.2375000000	-80.0081000000
75.2406250000	-80.0273000000
75.2437500000	-80.0453000000
75.2468750000	-80.0612000000
75.2500000000	-80.0740000000
75.2531250000	-80.0830000000
75.2562500000	-80.0876000000
75.2593750000	-80.0879000000
75.2625000000	-80.0841000000
75.2656250000	-80.0767000000
75.2687500000	-80.0662000000
75.2718750000	-80.0534000000
75.2750000000	-80.0391000000
75.2781250000	-80.0241000000
75.2812500000	-80.0089000000
75.2843750000	-79.9943000000
75.2875000000	-79.9809000000
75.2906250000	-79.9693000000
75.2937500000	-79.9596000000
75.2968750000	-79.9523000000
75.3000000000	-79.9476000000
75.3031250000	-79.9457000000
75.3062500000	-79.9469000000
75.3093750000	-79.9511000000
75.3125000000	-79.9582000000
75.3156250000	-79.9681000000
75.3187500000	-79.9805000000
75.3218750000	-79.9952000000
75.3250000000	-80.0118000000
75.3281250000	-80.0302000000
75.3312500000	-80.0501000000
75.3343750000	-80.0711000000
75.3375000000	-80.0930000000
75.3406250000	-80.1154000000
75.3437500000	-80.1381000000
75.3468750000	-80.1605000000
75.3500000000	-80.1821000000
75.3531250000	-80.2022000000
75.3562500000	-80.2201000000
75.3593750000	-80.2351000000
75.3625000000	-80.2466000000
75.3656250000	-80.2542000000
75.3687500000	-80.2575000000
75.3718750000	-80.2567000000
75.3750000000	-80.2521000000
75.3781250000	-80.2441000000
75.3812500000	-80.2333000000
75.3843750000	-80.2202000000
75.3875000000	-80.2051000000
75.3906250000	-80.1884000000
75.3937500000	-80.1697000000
75.3968750000	-80.1485000000
75.4000000000	-80.1240000000
75.4031250000	-80.0956000000
75.4062500000	-80.0622000000
75.4093750000	-80.0230000000
75.4125000000	-79.9777000000
75.4156250000	-79.9267000000
75.4187500000	-79.8713000000
75.4218750000	-79.8135000000
75.4250000000	-79.7558000000
75.4281250000	-79.7011000000
75.4312500000	-79.6526000000
75.4343750000	-79.6134000000
75.4375000000	-79.5861000000
75.4406250000	-79.5724000000
75.4437500000	-79.5732000000
75.4468750000	-79.5886000000
75.4500000000	-79.6183000000
75.4531250000	-79.6605000000
75.4562500000	-79.7125000000
75.4593750000	-79.7713000000
75.4625000000	-79.8334000000
75.4656250000	-79.8952000000
75.4687500000	-79.9536000000
75.4718750000	-80.0056000000
75.4750000000	-80.0493000000
75.4781250000	-80.0834000000
75.4812500000	-80.1073000000
75.4843750000	-80.1214000000
75.4875000000	-80.1267000000
75.4906250000	-80.1243000000
75.4937500000	-80.1158000000
75.4968750000	-80.1027000000
75.5000000000	-80.0861000000
75.5031250000	-80.0674000000
75.5062500000	-80.0478000000
75.5093750000	-80.0281000000
75.5125000000	-80.0093000000
75.5156250000	-79.9924000000
75.5187500000	-79.9781000000
75.5218750000	-79.9669000000
75.5250000000	-79.9597000000
75.5281250000	-79.9569000000
75.5312500000	-79.9587000000
75.5343750000	-79.9652000000
75.5375000000	-79.9764000000
75.5406250000	-79.9915000000
75.5437500000	-80.0101000000
75.5468750000	-80.0313000000
75.5500000000	-80.0542000000
75.5531250000	-80.0774000000
75.5562500000	-80.0995000000
75.5593750000	-80.1192000000
75.5625000000	-80.1352000000
75.5656250000	-80.1467000000
75.5687500000	-80.1529000000
75.5718750000	-80.1532000000
75.5750000000	-80.1476000000
75.5781250000	-80.1364000000
75.5812500000	-80.1206000000
75.5843750000	-80.1015000000
75.5875000000	-80.0805000000
75.5906250000	-80.0593000000
75.5937500000	-80.0396000000
75.5968750000	-80.0232000000
75.6000000000	-80.0115000000
75.6031250000	-80.0056000000
75.6062500000	-80.0062000000
75.6093750000	-80.0135000000
75.6125000000	-80.0271000000
75.6156250000	-80.0464000000
75.6187500000	-80.0700000000
75.6218750000	-80.0964000000
75.6250000000	-80.1237000000
75.6281250000	-80.1501000000
75.6312500000	-80.1738000000
75.6343750000	-80.1934000000
75.6375000000	-80.2077000000
75.6406250000	-80.2162000000
75.6437500000	-80.2185000000
75.6468750000	-80.2152000000
75.6500000000	-80.2072000000
75.6531250000	-80.1955000000
75.6562500000	-80.1817000000
75.6593750000	-80.1673000000
75.6625000000	-80.1540000000
75.6656250000	-80.1431000000
75.6687500000	-80.1357000000
75.6718750000	-80.1321000000
75.6750000000	-80.1324000000
75.6781250000	-80.1362000000
75.6812500000	-80.1426000000
75.6843750000	-80.1503000000
75.6875000000	-80.1579000000
75.6906250000	-80.1641000000
75.6937500000	-80.1675000000
75.6968750000	-80.1669000000
75.7000000000	-80.1619000000
75.7031250000	-80.1524000000
75.7062500000	-80.1389000000
75.7093750000	-80.1223000000
75.7125000000	-80.1040000000
75.7156250000	-80.0853000000
75.7187500000	-80.0678000000
75.7218750000	-80.0533000000
75.7250000000	-80.0429000000
75.7281250000	-80.0377000000
75.7312500000	-80.0385000000
75.7343750000	-80.0453000000
75.7375000000	-80.0578000000
75.7406250000	-80.0754000000
75.7437500000	-80.0971000000
75.7468750000	-80.1216000000
75.7500000000	-80.1470000000
75.7531250000	-80.1712000000
75.7562500000	-80.1921000000
75.7593750000	-80.2077000000
75.7625000000	-80.2161000000
75.7656250000	-80.2163000000
75.7687500000	-80.2078000000
75.7718750000	-80.1908000000
75.7750000000	-80.1663000000
75.7781250000	-80.1358000000
75.7812500000	-80.1015000000
75.7843750000	-80.0658000000
75.7875000000	-80.0310000000
75.7906250000	-79.9994000000
75.7937500000	-79.9726000000
75.7968750000	-79.9519000000
75.8000000000	-79.9376000000
75.8031250000	-79.9292000000
75.8062500000	-79.9260000000
75.8093750000	-79.9268000000
75.8125000000	-79.9299000000
75.8156250000	-79.9335000000
75.8187500000	-79.9360000000
75.8218750000	-79.9360000000
75.8250000000	-79.9327000000
75.8281250000	-79.9259000000
75.8312500000	-79.9160000000
75.8343750000	-79.9039000000
75.8375000000	-79.8911000000
75.8406250000	-79.8795000000
75.8437500000	-79.8708000000
75.8468750000	-79.8664000000
75.8500000000	-79.8676000000
75.8531250000	-79.8747000000
75.8562500000	-79.8880000000
75.8593750000	-79.9067000000
75.8625000000	-79.9298000000
75.8656250000	-79.9562000000
75.8687500000	-79.9843000000
75.8718750000	-80.0122000000
75.8750000000	-80.0382000000
75.8781250000	-80.0613000000
75.8812500000	-80.0806000000
75.8843750000	-80.0962000000
75.8875000000	-80.1083000000
75.8906250000	-80.1178000000
75.8937500000	-80.1260000000
75.8968750000	-80.1341000000
75.9000000000	-80.1433000000
75.9031250000	-80.1548000000
75.9062500000	-80.1694000000
75.9093750000	-80.1875000000
75.9125000000	-80.2090000000
75.9156250000	-80.2331000000
75.9187500000	-80.2587000000
75.9218750000	-80.2843000000
75.9250000000	-80.3082000000
75.9281250000	-80.3285000000
75.9312500000	-80.3434000000
75.9343750000	-80.3513000000
75.9375000000	-80.3506000000
75.9406250000	-80.3401000000
75.9437500000	-80.3193000000
75.9468750000	-80.2881000000
75.9500000000	-80.2468000000
75.9531250000	-80.1965000000
75.9562500000	-80.1385000000
75.9593750000	-80.0744000000
75.9625000000	-80.0063000000
75.9656250000	-79.9361000000
75.9687500000	-79.8662000000
75.9718750000	-79.7987000000
75.9750000000	-79.7356000000
75.9781250000	-79.6790000000
75.9812500000	-79.6307000000
75.9843750000	-79.5925000000
75.9875000000	-79.5657000000
75.9906250000	-79.5512000000
75.9937500000	-79.5498000000
75.9968750000	-79.5614000000
76.0000000000	-79.5850000000
76.0031250000	-79.6196000000
76.0062500000	-79.6639000000
76.0093750000	-79.7160000000
76.0125000000	-79.7733000000
76.0156250000	-79.8331000000
76.0187500000	-79.8928000000
76.0218750000	-79.9495000000
76.0250000000	-80.0007000000
76.0281250000	-80.0443000000
76.0312500000	-80.0791000000
76.0343750000	-80.1042000000
76.0375000000	-80.1195000000
76.0406250000	-80.1256000000
76.0437500000	-80.1232000000
76.0468750000	-80.1138000000
76.0500000000	-80.0989000000
76.0531250000	-80.0799000000
76.0562500000	-80.0584000000
76.0593750000	-80.0362000000
76.0625000000	-80.0142000000
76.0656250000	-79.9933000000
76.0687500000	-79.9738000000
76.0718750000	-79.9558000000
76.0750000000	-79.9390000000
76.0781250000	-79.9230000000
76.0812500000	-79.9072000000
76.0843750000	-79.8911000000
76.0875000000	-79.8741000000
76.0906250000	-79.8559000000
76.0937500000	-79.8366000000
76.0968750000	-79.8164000000
76.1000000000	-79.7960000000
76.1031250000	-79.7762000000
76.1062500000	-79.7583000000
76.1093750000	-79.7430000000
76.1125000000	-79.7315000000
76.1156250000	-79.7247000000
76.1187500000	-79.7233000000
76.1218750000	-79.7278000000
76.1250000000	-79.7378000000
76.1281250000	-79.7528000000
76.1312500000	-79.7723000000
76.1343750000	-79.7953000000
76.1375000000	-79.8211000000
76.1406250000	-79.8487000000
76.1437500000	-79.8774000000
76.1468750000	-79.9066000000
76.1500000000	-79.9361000000
76.1531250000	-79.9660000000
76.1562500000	-79.9968000000
76.1593750000	-80.0292000000
76.1625000000	-80.0639000000
76.1656250000	-80.1016000000
76.1687500000	-80.1427000000
76.1718750000	-80.1876000000
76.1750000000	-80.2359000000
76.1781250000	-80.2868000000
76.1812500000	-80.3391000000
76.1843750000	-80.3910000000
76.1875000000	-80.4408000000
76.1906250000	-80.4862000000
76.1937500000	-80.5252000000
76.1968750000	-80.5560000000
76.2000000000	-80.5775000000
76.2031250000	-80.5888000000
76.2062500000	-80.5901000000
76.2093750000	-80.5820000000
76.2125000000	-80.5659000000
76.2156250000	-80.5434000000
76.2187500000	-80.5165000000
76.2218750000	-80.4871000000
76.2250000000	-80.4569000000
76.2281250000	-80.4274000000
76.2312500000	-80.3995000000
76.2343750000	-80.3737000000
76.2375000000	-80.3499000000
76.2406250000	-80.3280000000
76.2437500000	-80.3072000000
76.2468750000	-80.2869000000
76.2500000000	-80.2663000000
76.2531250000	-80.2448000000
76.2562500000	-80.2218000000
76.2593750000	-80.1971000000
76.2625000000	-80.1705000000
76.2656250000	-80.1423000000
76.2687500000	-80.1130000000
76.2718750000	-80.0831000000
76.2750000000	-80.0534000000
76.2781250000	-80.0247000000
76.2812500000	-79.9976000000
76.2843750000	-79.9727000000
76.2875000000	-79.9505000000
76.2906250000	-79.9313000000
76.2937500000	-79.9155000000
76.2968750000	-79.9035000000
76.3000000000	-79.8955000000
76.3031250000	-79.8914000000
76.3062500000	-79.8912000000
76.3093750000	-79.8944000000
76.3125000000	-79.9003000000
76.3156250000	-79.9078000000
76.3187500000	-79.9157000000
76.3218750000	-79.9225000000
76.3250000000	-79.9267000000
76.3281250000	-79.9269000000
76.3312500000	-79.9221000000
76.3343750000	-79.9121000000
76.3375000000	-79.8968000000
76.3406250000	-79.8771000000
76.3437500000	-79.8545000000
76.3468750000	-79.8307000000
76.3500000000	-79.8079000000
76.3531250000	-79.7879000000
76.3562500000	-79.7722000000
76.3593750000	-79.7616000000
76.3625000000	-79.7565000000
76.3656250000	-79.7567000000
76.3687500000	-79.7615000000
76.3718750000	-79.7694000000
76.3750000000	-79.7786000000
76.3781250000	-79.7875000000
76.3812500000	-79.7945000000
76.3843750000	-79.7987000000
76.3875000000	-79.7995000000
76.3906250000	-79.7972000000
76.3937500000	-79.7923000000
76.3968750000	-79.7858000000
76.4000000000	-79.7786000000
76.4031250000	-79.7722000000
76.4062500000	-79.7678000000
76.4093750000	-79.7667000000
76.4125000000	-79.7697000000
76.4156250000	-79.7773000000
76.4187500000	-79.7897000000
76.4218750000	-79.8067000000
76.4250000000	-79.8282000000
76.4281250000	-79.8536000000
76.4312500000	-79.8822000000
76.4343750000	-79.9135000000
76.4375000000	-79.9463000000
76.4406250000	-79.9795000000
76.4437500000	-80.0123000000
76.4468750000	-80.0433000000
76.4500000000	-80.0716000000
76.4531250000	-80.0960000000
76.4562500000	-80.1159000000
76.4593750000	-80.1309000000
76.4625000000	-80.1409000000
76.4656250000	-80.1458000000
76.4687500000	-80.1462000000
76.4718750000	-80.1425000000
76.4750000000	-80.1356000000
76.4781250000	-80.1265000000
76.4812500000	-80.1162000000
76.4843750000	-80.1059000000
76.4875000000	-80.0961000000
76.4906250000	-80.0876000000
76.4937500000	-80.0808000000
76.4968750000	-80.0759000000
76.5000000000	-80.0731000000
76.5031250000	-80.0726000000
76.5062500000	-80.0745000000
76.5093750000	-80.0790000000
76.5125000000	-80.0861000000
76.5156250000	-80.0959000000
76.5187500000	-80.1086000000
76.5218750000	-80.1242000000
76.5250000000	-80.1425000000
76.5281250000	-80.1633000000
76.5312500000	-80.1861000000
76.5343750000	-80.2102000000
76.5375000000	-80.2347000000
76.5406250000	-80.2584000000
76.5437500000	-80.2805000000
76.5468750000	-80.2996000000
76.5500000000	-80.3151000000
76.5531250000	-80.3263000000
76.5562500000	-80.3329000000
76.5593750000	-80.3347000000
76.5625000000	-80.3316000000
76.5656250000	-80.3236000000
76.5687500000	-80.3107000000
76.5718750000	-80.2928000000
76.5750000000	-80.2694000000
76.5781250000	-80.2403000000
76.5812500000	-80.2049000000
76.5843750000	-80.1631000000
76.5875000000	-80.1150000000
76.5906250000	-80.0612000000
76.5937500000	-80.0027000000
76.5968750000	-79.9413000000
76.6000000000	-79.8792000000
76.6031250000	-79.8186000000
76.6062500000	-79.7622000000
76.6093750000	-79.7122000000
76.6125000000	-79.6704000000
76.6156250000	-79.6384000000
76.6187500000	-79.6173000000
76.6218750000	-79.6077000000
76.6250000000	-79.6090000000
76.6281250000	-79.6204000000
76.6312500000	-79.6409000000
76.6343750000	-79.6691000000
76.6375000000	-79.7033000000
76.6406250000	-79.7420000000
76.6437500000	-79.7837000000
76.6468750000	-79.8268000000
76.6500000000	-79.8699000000
76.6531250000	-79.9116000000
76.6562500000	-79.9510000000
76.6593750000	-79.9872000000
76.6625000000	-80.0192000000
76.6656250000	-80.0463000000
76.6687500000	-80.0683000000
76.6718750000	-80.0850000000
76.6750000000	-80.0967000000
76.6781250000	-80.1035000000
76.6812500000	-80.1063000000
76.6843750000	-80.1057000000
76.6875000000	-80.1026000000
76.6906250000	-80.0977000000
76.6937500000	-80.0916000000
76.6968750000	-80.0849000000
76.7000000000	-80.0777000000
76.7031250000	-80.0702000000
76.7062500000	-80.0624000000
76.7093750000	-80.0540000000
76.7125000000	-80.0448000000
76.7156250000	-80.0343000000
76.7187500000	-80.0225000000
76.7218750000	-80.0091000000
76.7250000000	-79.9942000000
76.7281250000	-79.9777000000
76.7312500000	-79.9598000000
76.7343750000	-79.9405000000
76.7375000000	-79.9198000000
76.7406250000	-79.8980000000
76.7437500000	-79.8756000000
76.7468750000	-79.8529000000
76.7500000000	-79.8306000000
76.7531250000	-79.8094000000
76.7562500000	-79.7903000000
76.7593750000	-79.7743000000
76.7625000000	-79.7623000000
76.7656250000	-79.7551000000
76.7687500000	-79.7536000000
76.7718750000	-79.7581000000
76.7750000000	-79.7684000000
76.7781250000	-79.7838000000
76.7812500000	-79.8035000000
76.7843750000	-79.8264000000
76.7875000000	-79.8506000000
76.7906250000	-79.8740000000
76.7937500000	-79.8942000000
76.7968750000	-79.9092000000
76.8000000000	-79.9170000000
76.8031250000	-79.9159000000
76.8062500000	-79.9048000000
76.8093750000	-79.8832000000
76.8125000000	-79.8512000000
76.8156250000	-79.8092000000
76.8187500000	-79.7582000000
76.8218750000	-79.6997000000
76.8250000000	-79.6356000000
76.8281250000	-79.5680000000
76.8312500000	-79.4995000000
76.8343750000	-79.4324000000
76.8375000000	-79.3693000000
76.8406250000	-79.3127000000
76.8437500000	-79.2647000000
76.8468750000	-79.2275000000
76.8500000000	-79.2029000000
76.8531250000	-79.1923000000
76.8562500000	-79.1965000000
76.8593750000	-79.2152000000
76.8625000000	-79.2478000000
76.8656250000	-79.2927000000
76.8687500000	-79.3483000000
76.8718750000	-79.4120000000
76.8750000000	-79.4812000000
76.8781250000	-79.5529000000
76.8812500000	-79.6241000000
76.8843750000	-79.6924000000
76.8875000000	-79.7556000000
76.8906250000	-79.8126000000
76.8937500000	-79.8624000000
76.8968750000	-79.9053000000
76.9000000000	-79.9416000000
76.9031250000	-79.9725000000
76.9062500000	-79.9990000000
76.9093750000	-80.0223000000
76.9125000000	-80.0432000000
76.9156250000	-80.0623000000
76.9187500000	-80.0797000000
76.9218750000	-80.0954000000
76.9250000000	-80.1090000000
76.9281250000	-80.1201000000
76.9312500000	-80.1281000000
76.9343750000	-80.1325000000
76.9375000000	-80.1328000000
76.9406250000	-80.1284000000
76.9437500000	-80.1191000000
76.9468750000	-80.1047000000
76.9500000000	-80.0854000000
76.9531250000	-80.0616000000
76.9562500000	-80.0339000000
76.9593750000	-80.0033000000
76.9625000000	-79.9710000000
76.9656250000	-79.9383000000
76.9687500000	-79.9068000000
76.9718750000	-79.8779000000
76.9750000000	-79.8530000000
76.9781250000	-79.8335000000
76.9812500000	-79.8205000000
76.9843750000	-79.8144000000
76.9875000000	-79.8151000000
76.9906250000	-79.8222000000
76.9937500000	-79.8347000000
76.9968750000	-79.8515000000
77.0000000000	-79.8709000000
77.0031250000	-79.8911000000
77.0062500000	-79.9103000000
77.0093750000	-79.9268000000
77.0125000000	-79.9392000000
77.0156250000	-79.9463000000
77.0187500000	-79.9477000000
77.0218750000	-79.9429000000
77.0250000000	-79.9320000000
77.0281250000	-79.9149000000
77.0312500000	-79.8919000000
77.0343750000	-79.8632000000
77.0375000000	-79.8289000000
77.0406250000	-79.7895000000
77.0437500000	-79.7457000000
77.0468750000	-79.6984000000
77.0500000000	-79.6486000000
77.0531250000	-79.5978000000
77.0562500000	-79.5474000000
77.0593750000	-79.4988000000
77.0625000000	-79.4532000000
77.0656250000	-79.4115000000
77.0687500000	-79.3743000000
77.0718750000	-79.3416000000
77.0750000000	-79.3130000000
77.0781250000	-79.2882000000
77.0812500000	-79.2666000000
77.0843750000	-79.2478000000
77.0875000000	-79.2315000000
77.0906250000	-79.2177000000
77.0937500000	-79.2071000000
77.0968750000	-79.2004000000
77.1000000000	-79.1990000000
77.1031250000	-79.2041000000
77.1062500000	-79.2168000000
77.1093750000	-79.2382000000
77.1125000000	-79.2686000000
77.1156250000	-79.3075000000
77.1187500000	-79.3541000000
77.1218750000	-79.4071000000
77.1250000000	-79.4646000000
77.1281250000	-79.5241000000
77.1312500000	-79.5835000000
77.1343750000	-79.6403000000
77.1375000000	-79.6925000000
77.1406250000	-79.7387000000
77.1437500000	-79.7777000000
77.1468750000	-79.8089000000
77.1500000000	-79.8316000000
77.1531250000	-79.8456000000
77.1562500000	-79.8504000000
77.1593750000	-79.8454000000
77.1625000000	-79.8306000000
77.1656250000	-79.8059000000
77.1687500000	-79.7717000000
77.1718750000	-79.7283000000
77.1750000000	-79.6767000000
77.1781250000	-79.6184000000
77.1812500000	-79.5553000000
77.1843750000	-79.4896000000
77.1875000000	-79.4239000000
77.1906250000	-79.3605000000
77.1937500000	-79.3016000000
77.1968750000	-79.2486000000
77.2000000000	-79.2026000000
77.2031250000	-79.1637000000
77.2062500000	-79.1325000000
77.2093750000	-79.1088000000
77.2125000000	-79.0921000000
77.2156250000	-79.0818000000
77.2187500000	-79.0773000000
77.2218750000	-79.0777000000
77.2250000000	-79.0826000000
77.2281250000	-79.0914000000
77.2312500000	-79.1035000000
77.2343750000	-79.1180000000
77.2375000000	-79.1340000000
77.2406250000	-79.1500000000
77.2437500000	-79.1643000000
77.2468750000	-79.1752000000
77.2500000000	-79.1801000000
77.2531250000	-79.1770000000
77.2562500000	-79.1635000000
77.2593750000	-79.1382000000
77.2625000000	-79.1000000000
77.2656250000	-79.0489000000
77.2687500000	-78.9861000000
77.2718750000	-78.9143000000
77.2750000000	-78.8370000000
77.2781250000	-78.7584000000
77.2812500000	-78.6833000000
77.2843750000	-78.6164000000
77.2875000000	-78.5623000000
77.2906250000	-78.5248000000
77.2937500000	-78.5067000000
77.2968750000	-78.5095000000
77.3000000000	-78.5330000000
77.3031250000	-78.5769000000
77.3062500000	-78.6395000000
77.3093750000	-78.7174000000
77.3125000000	-78.8064000000
77.3156250000	-78.9015000000
77.3187500000	-78.9974000000
77.3218750000	-79.0890000000
77.3250000000	-79.1719000000
77.3281250000	-79.2425000000
77.3312500000	-79.2984000000
77.3343750000	-79.3386000000
77.3375000000	-79.3634000000
77.3406250000	-79.3740000000
77.3437500000	-79.3726000000
77.3468750000	-79.3619000000
77.3500000000	-79.3448000000
77.3531250000	-79.3241000000
77.3562500000	-79.3026000000
77.3593750000	-79.2828000000
77.3625000000	-79.2665000000
77.3656250000	-79.2550000000
77.3687500000	-79.2495000000
77.3718750000	-79.2508000000
77.3750000000	-79.2590000000
77.3781250000	-79.2741000000
77.3812500000	-79.2956000000
77.3843750000	-79.3228000000
77.3875000000	-79.3545000000
77.3906250000	-79.3893000000
77.3937500000	-79.4259000000
77.3968750000	-79.4625000000
77.4000000000	-79.4981000000
77.4031250000	-79.5312000000
77.4062500000	-79.5609000000
77.4093750000	-79.5862000000
77.4125000000	-79.6063000000
77.4156250000	-79.6209000000
77.4187500000	-79.6297000000
77.4218750000	-79.6329000000
77.4250000000	-79.6309000000
77.4281250000	-79.6239000000
77.4312500000	-79.6121000000
77.4343750000	-79.5952000000
77.4375000000	-79.5729000000
77.4406250000	-79.5441000000
77.4437500000	-79.5076000000
77.4468750000	-79.4620000000
77.4500000000	-79.4061000000
77.4531250000	-79.3391000000
77.4562500000	-79.2608000000
77.4593750000	-79.1718000000
77.4625000000	-79.0738000000
77.4656250000	-78.9697000000
77.4687500000	-78.8634000000
77.4718750000	-78.7595000000
77.4750000000	-78.6626000000
77.4781250000	-78.5775000000
77.4812500000	-78.5083000000
77.4843750000	-78.4583000000
77.4875000000	-78.4295000000
77.4906250000	-78.4223000000
77.4937500000	-78.4365000000
77.4968750000	-78.4710000000
77.5000000000	-78.5235000000
77.5031250000	-78.5908000000
77.5062500000	-78.6688000000
77.5093750000	-78.7534000000
77.5125000000	-78.8405000000
77.5156250000	-78.9266000000
77.5187500000	-79.0087000000
77.5218750000	-79.0847000000
77.5250000000	-79.1533000000
77.5281250000	-79.2137000000
77.5312500000	-79.2659000000
77.5343750000	-79.3095000000
77.5375000000	-79.3442000000
77.5406250000	-79.3692000000
77.5437500000	-79.3832000000
77.5468750000	-79.3848000000
77.5500000000	-79.3721000000
77.5531250000	-79.3434000000
77.5562500000	-79.2973000000
77.5593750000	-79.2329000000
77.5625000000	-79.1505000000
77.5656250000	-79.0515000000
77.5687500000	-78.9385000000
77.5718750000	-78.8152000000
77.5750000000	-78.6862000000
77.5781250000	-78.5566000000
77.5812500000	-78.4317000000
77.5843750000	-78.3165000000
77.5875000000	-78.2158000000
77.5906250000	-78.1335000000
77.5937500000	-78.0727000000
77.5968750000	-78.0355000000
77.6000000000	-78.0229000000
77.6031250000	-78.0349000000
77.6062500000	-78.0712000000
77.6093750000	-78.1300000000
77.6125000000	-78.2086000000
77.6156250000	-78.3035000000
77.6187500000	-78.4101000000
77.6218750000	-78.5236000000
77.6250000000	-78.6384000000
77.6281250000	-78.7487000000
77.6312500000	-78.8485000000
77.6343750000	-78.9322000000
77.6375000000	-78.9944000000
77.6406250000	-79.0309000000
77.6437500000	-79.0388000000
77.6468750000	-79.0168000000
77.6500000000	-78.9658000000
77.6531250000	-78.8882000000
77.6562500000	-78.7887000000
77.6593750000	-78.6729000000
77.6625000000	-78.5477000000
77.6656250000	-78.4198000000
77.6687500000	-78.2965000000
77.6718750000	-78.1842000000
77.6750000000	-78.0882000000
77.6781250000	-78.0129000000
77.6812500000	-77.9613000000
77.6843750000	-77.9349000000
77.6875000000	-77.9330000000
77.6906250000	-77.9532000000
77.6937500000	-77.9923000000
77.6968750000	-78.0454000000
77.7000000000	-78.1062000000
77.7031250000	-78.1674000000
77.7062500000	-78.2216000000
77.7093750000	-78.2623000000
77.7125000000	-78.2846000000
77.7156250000	-78.2862000000
77.7187500000	-78.2679000000
77.7218750000	-78.2331000000
77.7250000000	-78.1877000000
77.7281250000	-78.1390000000
77.7312500000	-78.0944000000
77.7343750000	-78.0613000000
77.7375000000	-78.0455000000
77.7406250000	-78.0506000000
77.7437500000	-78.0788000000
77.7468750000	-78.1314000000
77.7500000000	-78.2077000000
77.7531250000	-78.3048000000
77.7562500000	-78.4183000000
77.7593750000	-78.5426000000
77.7625000000	-78.6713000000
77.7656250000	-78.7981000000
77.7687500000	-78.9169000000
77.7718750000	-79.0227000000
77.7750000000	-79.1117000000
77.7781250000	-79.1820000000
77.7812500000	-79.2329000000
77.7843750000	-79.2655000000
77.7875000000	-79.2817000000
77.7906250000	-79.2842000000
77.7937500000	-79.2762000000
77.7968750000	-79.2605000000
77.8000000000	-79.2399000000
77.8031250000	-79.2169000000
77.8062500000	-79.1935000000
77.8093750000	-79.1710000000
77.8125000000	-79.1503000000
77.8156250000	-79.1320000000
77.8187500000	-79.1162000000
77.8218750000	-79.1025000000
77.8250000000	-79.0904000000
77.8281250000	-79.0792000000
77.8312500000	-79.0684000000
77.8343750000	-79.0572000000
77.8375000000	-79.0450000000
77.8406250000	-79.0315000000
77.8437500000	-79.0166000000
77.8468750000	-79.0004000000
77.8500000000	-78.9834000000
77.8531250000	-78.9662000000
77.8562500000	-78.9497000000
77.8593750000	-78.9344000000
77.8625000000	-78.9215000000
77.8656250000	-78.9115000000
77.8687500000	-78.9051000000
77.8718750000	-78.9026000000
77.8750000000	-78.9042000000
77.8781250000	-78.9098000000
77.8812500000	-78.9188000000
77.8843750000	-78.9305000000
77.8875000000	-78.9438000000
77.8906250000	-78.9578000000
77.8937500000	-78.9715000000
77.8968750000	-78.9837000000
77.9000000000	-78.9936000000
77.9031250000	-79.0002000000
77.9062500000	-79.0027000000
77.9093750000	-79.0005000000
77.9125000000	-78.9930000000
77.9156250000	-78.9795000000
77.9187500000	-78.9595000000
77.9218750000	-78.9328000000
77.9250000000	-78.8992000000
77.9281250000	-78.8581000000
77.9312500000	-78.8091000000
77.9343750000	-78.7517000000
77.9375000000	-78.6852000000
77.9406250000	-78.6088000000
77.9437500000	-78.5215000000
77.9468750000	-78.4222000000
77.9500000000	-78.3097000000
77.9531250000	-78.1837000000
77.9562500000	-78.0445000000
77.9593750000	-77.8934000000
77.9625000000	-77.7328000000
77.9656250000	-77.5662000000
77.9687500000	-77.3984000000
77.9718750000	-77.2348000000
77.9750000000	-77.0815000000
77.9781250000	-76.9446000000
77.9812500000	-76.8298000000
77.9843750000	-76.7418000000
77.9875000000	-76.6841000000
77.9906250000	-76.6586000000
77.9937500000	-76.6653000000
77.9968750000	-76.7040000000
78.0000000000	-76.7733000000
78.0031250000	-76.8698000000
78.0062500000	-76.9884000000
78.0093750000	-77.1233000000
78.0125000000	-77.2674000000
78.0156250000	-77.4135000000
78.0187500000	-77.5551000000
78.0218750000	-77.6860000000
78.0250000000	-77.8016000000
78.0281250000	-77.8990000000
78.0312500000	-77.9769000000
78.0343750000	-78.0357000000
78.0375000000	-78.0771000000
78.0406250000	-78.1040000000
78.0437500000	-78.1195000000
78.0468750000	-78.1272000000
78.0500000000	-78.1301000000
78.0531250000	-78.1312000000
78.0562500000	-78.1329000000
78.0593750000	-78.1370000000
78.0625000000	-78.1448000000
78.0656250000	-78.1572000000
78.0687500000	-78.1743000000
78.0718750000	-78.1956000000
78.0750000000	-78.2205000000
78.0781250000	-78.2476000000
78.0812500000	-78.2756000000
78.0843750000	-78.3028000000
78.0875000000	-78.3277000000
78.0906250000	-78.3486000000
78.0937500000	-78.3642000000
78.0968750000	-78.3733000000
78.1000000000	-78.3756000000
78.1031250000	-78.3711000000
78.1062500000	-78.3604000000
78.1093750000	-78.3445000000
78.1125000000	-78.3247000000
78.1156250000	-78.3025000000
78.1187500000	-78.2792000000
78.1218750000	-78.2565000000
78.1250000000	-78.2352000000
78.1281250000	-78.2165000000
78.1312500000	-78.2012000000
78.1343750000	-78.1896000000
78.1375000000	-78.1820000000
78.1406250000	-78.1782000000
78.1437500000	-78.1778000000
78.1468750000	-78.1805000000
78.1500000000	-78.1859000000
78.1531250000	-78.1930000000
78.1562500000	-78.2010000000
78.1593750000	-78.2091000000
78.1625000000	-78.2164000000
78.1656250000	-78.2219000000
78.1687500000	-78.2247000000
78.1718750000	-78.2241000000
78.1750000000	-78.2195000000
78.1781250000	-78.2099000000
78.1812500000	-78.1943000000
78.1843750000	-78.1715000000
78.1875000000	-78.1399000000
78.1906250000	-78.0974000000
78.1937500000	-78.0414000000
78.1968750000	-77.9695000000
78.2000000000	-77.8790000000
78.2031250000	-77.7678000000
78.2062500000	-77.6351000000
78.2093750000	-77.4811000000
78.2125000000	-77.3085000000
78.2156250000	-77.1215000000
78.2187500000	-76.9260000000
78.2218750000	-76.7293000000
78.2250000000	-76.5390000000
78.2281250000	-76.3631000000
78.2312500000	-76.2087000000
78.2343750000	-76.0822000000
78.2375000000	-75.9882000000
78.2406250000	-75.9295000000
78.2437500000	-75.9066000000
78.2468750000	-75.9188000000
78.2500000000	-75.9654000000
78.2531250000	-76.0428000000
78.2562500000	-76.1458000000
78.2593750000	-76.2675000000
78.2625000000	-76.4002000000
78.2656250000	-76.5356000000
78.2687500000	-76.6655000000
78.2718750000	-76.7829000000
78.2750000000	-76.8820000000
78.2781250000	-76.9594000000
78.2812500000	-77.0146000000
78.2843750000	-77.0491000000
78.2875000000	-77.0666000000
78.2906250000	-77.0720000000
78.2937500000	-77.0706000000
78.2968750000	-77.0678000000
78.3000000000	-77.0683000000
78.3031250000	-77.0755000000
78.3062500000	-77.0918000000
78.3093750000	-77.1180000000
78.3125000000	-77.1543000000
78.3156250000	-77.1998000000
78.3187500000	-77.2524000000
78.3218750000	-77.3095000000
78.3250000000	-77.3681000000
78.3281250000	-77.4253000000
78.3312500000	-77.4784000000
78.3343750000	-77.5250000000
78.3375000000	-77.5632000000
78.3406250000	-77.5919000000
78.3437500000	-77.6103000000
78.3468750000	-77.6180000000
78.3500000000	-77.6150000000
78.3531250000	-77.6009000000
78.3562500000	-77.5756000000
78.3593750000	-77.5391000000
78.3625000000	-77.4912000000
78.3656250000	-77.4319000000
78.3687500000	-77.3615000000
78.3718750000	-77.2808000000
78.3750000000	-77.1911000000
78.3781250000	-77.0942000000
78.3812500000	-76.9928000000
78.3843750000	-76.8899000000
78.3875000000	-76.7892000000
78.3906250000	-76.6942000000
78.3937500000	-76.6084000000
78.3968750000	-76.5350000000
78.4000000000	-76.4762000000
78.4031250000	-76.4338000000
78.4062500000	-76.4085000000
78.4093750000	-76.4003000000
78.4125000000	-76.4088000000
78.4156250000	-76.4323000000
78.4187500000	-76.4682000000
78.4218750000	-76.5132000000
78.4250000000	-76.5634000000
78.4281250000	-76.6146000000
78.4312500000	-76.6624000000
78.4343750000	-76.7022000000
78.4375000000	-76.7294000000
78.4406250000	-76.7396000000
78.4437500000	-76.7285000000
78.4468750000	-76.6923000000
78.4500000000	-76.6282000000
78.4531250000	-76.5346000000
78.4562500000	-76.4115000000
78.4593750000	-76.2608000000
78.4625000000	-76.0869000000
78.4656250000	-75.8954000000
78.4687500000	-75.6941000000
78.4718750000	-75.4914000000
78.4750000000	-75.2963000000
78.4781250000	-75.1173000000
78.4812500000	-74.9622000000
78.4843750000	-74.8376000000
78.4875000000	-74.7484000000
78.4906250000	-74.6978000000
78.4937500000	-74.6865000000
78.4968750000	-74.7138000000
78.5000000000	-74.7787000000
78.5031250000	-74.8786000000
78.5062500000	-75.0085000000
78.5093750000	-75.1622000000
78.5125000000	-75.3324000000
78.5156250000	-75.5114000000
78.5187500000	-75.6914000000
78.5218750000	-75.8654000000
78.5250000000	-76.0278000000
78.5281250000	-76.1742000000
78.5312500000	-76.3021000000
78.5343750000	-76.4104000000
78.5375000000	-76.4991000000
78.5406250000	-76.5694000000
78.5437500000	-76.6230000000
78.5468750000	-76.6615000000
78.5500000000	-76.6869000000
78.5531250000	-76.7013000000
78.5562500000	-76.7065000000
78.5593750000	-76.7045000000
78.5625000000	-76.6969000000
78.5656250000	-76.6857000000
78.5687500000	-76.6722000000
78.5718750000	-76.6579000000
78.5750000000	-76.6440000000
78.5781250000	-76.6311000000
78.5812500000	-76.6194000000
78.5843750000	-76.6087000000
78.5875000000	-76.5985000000
78.5906250000	-76.5881000000
78.5937500000	-76.5768000000
78.5968750000	-76.5640000000
78.6000000000	-76.5495000000
78.6031250000	-76.5332000000
78.6062500000	-76.5154000000
78.6093750000	-76.4966000000
78.6125000000	-76.4776000000
78.6156250000	-76.4594000000
78.6187500000	-76.4429000000
78.6218750000	-76.4291000000
78.6250000000	-76.4187000000
78.6281250000	-76.4120000000
78.6312500000	-76.4088000000
78.6343750000	-76.4088000000
78.6375000000	-76.4118000000
78.6406250000	-76.4170000000
78.6437500000	-76.4241000000
78.6468750000	-76.4324000000
78.6500000000	-76.4414000000
78.6531250000	-76.4509000000
78.6562500000	-76.4607000000
78.6593750000	-76.4706000000
78.6625000000	-76.4806000000
78.6656250000	-76.4906000000
78.6687500000	-76.5001000000
78.6718750000	-76.5081000000
78.6750000000	-76.5133000000
78.6781250000	-76.5138000000
78.6812500000	-76.5071000000
78.6843750000	-76.4901000000
78.6875000000	-76.4594000000
78.6906250000	-76.4112000000
78.6937500000	-76.3421000000
78.6968750000	-76.2488000000
78.7000000000	-76.1292000000
78.7031250000	-75.9823000000
78.7062500000	-75.8087000000
78.7093750000	-75.6107000000
78.7125000000	-75.3927000000
78.7156250000	-75.1603000000
78.7187500000	-74.9208000000
78.7218750000	-74.6822000000
78.7250000000	-74.4527000000
78.7281250000	-74.2401000000
78.7312500000	-74.0517000000
78.7343750000	-73.8936000000
78.7375000000	-73.7707000000
78.7406250000	-73.6862000000
78.7437500000	-73.6411000000
78.7468750000	-73.6344000000
78.7500000000	-73.6652000000
78.7531250000	-73.7314000000
78.7562500000	-73.8288000000
78.7593750000	-73.9515000000
78.7625000000	-74.0923000000
78.7656250000	-74.2436000000
78.7687500000	-74.3974000000
78.7718750000	-74.5462000000
78.7750000000	-74.6835000000
78.7781250000	-74.8040000000
78.7812500000	-74.9046000000
78.7843750000	-74.9837000000
78.7875000000	-75.0413000000
78.7906250000	-75.0788000000
78.7937500000	-75.0984000000
78.7968750000	-75.1029000000
78.8000000000	-75.0951000000
78.8031250000	-75.0778000000
78.8062500000	-75.0534000000
78.8093750000	-75.0242000000
78.8125000000	-74.9922000000
78.8156250000	-74.9590000000
78.8187500000	-74.9257000000
78.8218750000	-74.8931000000
78.8250000000	-74.8616000000
78.8281250000	-74.8311000000
78.8312500000	-74.8017000000
78.8343750000	-74.7732000000
78.8375000000	-74.7451000000
78.8406250000	-74.7170000000
78.8437500000	-74.6885000000
78.8468750000	-74.6595000000
78.8500000000	-74.6299000000
78.8531250000	-74.5999000000
78.8562500000	-74.5700000000
78.8593750000	-74.5408000000
78.8625000000	-74.5130000000
78.8656250000	-74.4875000000
78.8687500000	-74.4648000000
78.8718750000	-74.4452000000
78.8750000000	-74.4288000000
78.8781250000	-74.4157000000
78.8812500000	-74.4055000000
78.8843750000	-74.3977000000
78.8875000000	-74.3917000000
78.8906250000	-74.3863000000
78.8937500000	-74.3807000000
78.8968750000	-74.3738000000
78.9000000000	-74.3647000000
78.9031250000	-74.3528000000
78.9062500000	-74.3375000000
78.9093750000	-74.3186000000
78.9125000000	-74.2958000000
78.9156250000	-74.2692000000
78.9187500000	-74.2388000000
78.9218750000	-74.2048000000
78.9250000000	-74.1675000000
78.9281250000	-74.1266000000
78.9312500000	-74.0818000000
78.9343750000	-74.0325000000
78.9375000000	-73.9777000000
78.9406250000	-73.9160000000
78.9437500000	-73.8458000000
78.9468750000	-73.7653000000
78.9500000000	-73.6727000000
78.9531250000	-73.5663000000
78.9562500000	-73.4448000000
78.9593750000	-73.3082000000
78.9625000000	-73.1572000000
78.9656250000	-72.9941000000
78.9687500000	-72.8228000000
78.9718750000	-72.6477000000
78.9750000000	-72.4748000000
78.9781250000	-72.3101000000
78.9812500000	-72.1598000000
78.9843750000	-72.0297000000
78.9875000000	-71.9246000000
78.9906250000	-71.8483000000
78.9937500000	-71.8027000000
78.9968750000	-71.7877000000
79.0000000000	-71.8030000000
79.0031250000	-71.8473000000
79.0062500000	-71.9174000000
79.0093750000	-72.0088000000
79.0125000000	-72.1158000000
79.0156250000	-72.2323000000
79.0187500000	-72.3520000000
79.0218750000	-72.4692000000
79.0250000000	-72.5788000000
79.0281250000	-72.6771000000
79.0312500000	-72.7617000000
79.0343750000	-72.8315000000
79.0375000000	-72.8865000000
79.0406250000	-72.9278000000
79.0437500000	-72.9568000000
79.0468750000	-72.9753000000
79.0500000000	-72.9851000000
79.0531250000	-72.9875000000
79.0562500000	-72.9839000000
79.0593750000	-72.9752000000
79.0625000000	-72.9621000000
79.0656250000	-72.9450000000
79.0687500000	-72.9241000000
79.0718750000	-72.8993000000
79.0750000000	-72.8708000000
79.0781250000	-72.8379000000
79.0812500000	-72.8005000000
79.0843750000	-72.7584000000
79.0875000000	-72.7115000000
79.0906250000	-72.6602000000
79.0937500000	-72.6048000000
79.0968750000	-72.5460000000
79.1000000000	-72.4848000000
79.1031250000	-72.4224000000
79.1062500000	-72.3598000000
79.1093750000	-72.2984000000
79.1125000000	-72.2390000000
79.1156250000	-72.1824000000
79.1187500000	-72.1290000000
79.1218750000	-72.0786000000
79.1250000000	-72.0306000000
79.1281250000	-71.9846000000
79.1312500000	-71.9400000000
79.1343750000	-71.8958000000
79.1375000000	-71.8513000000
79.1406250000	-71.8054000000
79.1437500000	-71.7578000000
79.1468750000	-71.7083000000
79.1500000000	-71.6568000000
79.1531250000	-71.6034000000
79.1562500000	-71.5489000000
79.1593750000	-71.4941000000
79.1625000000	-71.4400000000
79.1656250000	-71.3874000000
79.1687500000	-71.3374000000
79.1718750000	-71.2909000000
79.1750000000	-71.2489000000
79.1781250000	-71.2117000000
79.1812500000	-71.1795000000
79.1843750000	-71.1518000000
79.1875000000	-71.1277000000
79.1906250000	-71.1055000000
79.1937500000	-71.0831000000
79.1968750000	-71.0573000000
79.2000000000	-71.0244000000
79.2031250000	-70.9809000000
79.2062500000	-70.9238000000
79.2093750000	-70.8503000000
79.2125000000	-70.7591000000
79.2156250000	-70.6505000000
79.2187500000	-70.5262000000
79.2218750000	-70.3897000000
79.2250000000	-70.2459000000
79.2281250000	-70.1005000000
79.2312500000	-69.9591000000
79.2343750000	-69.8276000000
79.2375000000	-69.7106000000
79.2406250000	-69.6118000000
79.2437500000	-69.5333000000
79.2468750000	-69.4752000000
79.2500000000	-69.4367000000
79.2531250000	-69.4163000000
79.2562500000	-69.4109000000
79.2593750000	-69.4167000000
79.2625000000	-69.4292000000
79.2656250000	-69.4439000000
79.2687500000	-69.4570000000
79.2718750000	-69.4654000000
79.2750000000	-69.4669000000
79.2781250000	-69.4607000000
79.2812500000	-69.4466000000
79.2843750000	-69.4255000000
79.2875000000	-69.3988000000
79.2906250000	-69.3680000000
79.2937500000	-69.3347000000
79.2968750000	-69.2998000000
79.3000000000	-69.2640000000
79.3031250000	-69.2277000000
79.3062500000	-69.1905000000
79.3093750000	-69.1520000000
79.3125000000	-69.1115000000
79.3156250000	-69.0682000000
79.3187500000	-69.0209000000
79.3218750000	-68.9688000000
79.3250000000	-68.9112000000
79.3281250000	-68.8474000000
79.3312500000	-68.7772000000
79.3343750000	-68.7005000000
79.3375000000	-68.6174000000
79.3406250000	-68.5284000000
79.3437500000	-68.4341000000
79.3468750000	-68.3355000000
79.3500000000	-68.2337000000
79.3531250000	-68.1299000000
79.3562500000	-68.0251000000
79.3593750000	-67.9205000000
79.3625000000	-67.8170000000
79.3656250000	-67.7154000000
79.3687500000	-67.6162000000
79.3718750000	-67.5199000000
79.3750000000	-67.4266000000
79.3781250000	-67.3370000000
79.3812500000	-67.2516000000
79.3843750000	-67.1710000000
79.3875000000	-67.0958000000
79.3906250000	-67.0268000000
79.3937500000	-66.9646000000
79.3968750000	-66.9097000000
79.4000000000	-66.8621000000
79.4031250000	-66.8219000000
79.4062500000	-66.7888000000
79.4093750000	-66.7619000000
79.4125000000	-66.7402000000
79.4156250000	-66.7219000000
79.4187500000	-66.7051000000
79.4218750000	-66.6877000000
79.4250000000	-66.6677000000
79.4281250000	-66.6432000000
79.4312500000	-66.6126000000
79.4343750000	-66.5743000000
79.4375000000	-66.5278000000
79.4406250000	-66.4722000000
79.4437500000	-66.4075000000
79.4468750000	-66.3338000000
79.4500000000	-66.2513000000
79.4531250000	-66.1607000000
79.4562500000	-66.0624000000
79.4593750000	-65.9574000000
79.4625000000	-65.8466000000
79.4656250000	-65.7314000000
79.4687500000	-65.6133000000
79.4718750000	-65.4942000000
79.4750000000	-65.3761000000
79.4781250000	-65.2610000000
79.4812500000	-65.1509000000
79.4843750000	-65.0479000000
79.4875000000	-64.9534000000
79.4906250000	-64.8683000000
79.4937500000	-64.7930000000
79.4968750000	-64.7269000000
79.5000000000	-64.6690000000
79.5031250000	-64.6176000000
79.5062500000	-64.5704000000
79.5093750000	-64.5249000000
79.5125000000	-64.4780000000
79.5156250000	-64.4269000000
79.5187500000	-64.3689000000
79.5218750000	-64.3018000000
79.5250000000	-64.2245000000
79.5281250000	-64.1362000000
79.5312500000	-64.0371000000
79.5343750000	-63.9279000000
79.5375000000	-63.8100000000
79.5406250000	-63.6850000000
79.5437500000	-63.5549000000
79.5468750000	-63.4214000000
79.5500000000	-63.2866000000
79.5531250000	-63.1518000000
79.5562500000	-63.0182000000
79.5593750000	-62.8869000000
79.5625000000	-62.7584000000
79.5656250000	-62.6332000000
79.5687500000	-62.5112000000
79.5718750000	-62.3921000000
79.5750000000	-62.2752000000
79.5781250000	-62.1596000000
79.5812500000	-62.0440000000
79.5843750000	-61.9274000000
79.5875000000	-61.8085000000
79.5906250000	-61.6862000000
79.5937500000	-61.5597000000
79.5968750000	-61.4285000000
79.6000000000	-61.2928000000
79.6031250000	-61.1531000000
79.6062500000	-61.0106000000
79.6093750000	-60.8668000000
79.6125000000	-60.7234000000
79.6156250000	-60.5819000000
79.6187500000	-60.4438000000
79.6218750000	-60.3101000000
79.6250000000	-60.1811000000
79.6281250000	-60.0569000000
79.6312500000	-59.9372000000
79.6343750000	-59.8211000000
79.6375000000	-59.7073000000
79.6406250000	-59.5941000000
79.6437500000	-59.4796000000
79.6468750000	-59.3623000000
79.6500000000	-59.2403000000
79.6531250000	-59.1124000000
79.6562500000	-58.9776000000
79.6593750000	-58.8351000000
79.6625000000	-58.6848000000
79.6656250000	-58.5264000000
79.6687500000	-58.3601000000
79.6718750000	-58.1862000000
79.6750000000	-58.0051000000
79.6781250000	-57.8172000000
79.6812500000	-57.6232000000
79.6843750000	-57.4239000000
79.6875000000	-57.2203000000
79.6906250000	-57.0132000000
79.6937500000	-56.8035000000
79.6968750000	-56.5920000000
79.7000000000	-56.3797000000
79.7031250000	-56.1671000000
79.7062500000	-55.9550000000
79.7093750000	-55.7435000000
79.7125000000	-55.5329000000
79.7156250000	-55.3232000000
79.7187500000	-55.1138000000
79.7218750000	-54.9040000000
79.7250000000	-54.6927000000
79.7281250000	-54.4789000000
79.7312500000	-54.2610000000
79.7343750000	-54.0373000000
79.7375000000	-53.8062000000
79.7406250000	-53.5661000000
79.7437500000	-53.3155000000
79.7468750000	-53.0530000000
79.7500000000	-52.7780000000
79.7531250000	-52.4900000000
79.7562500000	-52.1892000000
79.7593750000	-51.8763000000
79.7625000000	-51.5525000000
79.7656250000	-51.2196000000
79.7687500000	-50.8797000000
79.7718750000	-50.5348000000
79.7750000000	-50.1872000000
79.7781250000	-49.8387000000
79.7812500000	-49.4911000000
79.7843750000	-49.1457000000
79.7875000000	-48.8030000000
79.7906250000	-48.4634000000
79.7937500000	-48.1269000000
79.7968750000	-47.7929000000
79.8000000000	-47.4607000000
79.8031250000	-47.1294000000
79.8062500000	-46.7981000000
79.8093750000	-46.4662000000
79.8125000000	-46.1334000000
79.8156250000	-45.7994000000
79.8187500000	-45.4645000000
79.8218750000	-45.1288000000
79.8250000000	-44.7930000000
79.8281250000	-44.4574000000
79.8312500000	-44.1223000000
79.8343750000	-43.7879000000
79.8375000000	-43.4537000000
79.8406250000	-43.1194000000
79.8437500000	-42.7838000000
79.8468750000	-42.4458000000
79.8500000000	-42.1040000000
79.8531250000	-41.7569000000
79.8562500000	-41.4034000000
79.8593750000	-41.0426000000
79.8625000000	-40.6741000000
79.8656250000	-40.2984000000
79.8687500000	-39.9162000000
79.8718750000	-39.5288000000
79.8750000000	-39.1376000000
79.8781250000	-38.7435000000
79.8812500000	-38.3472000000
79.8843750000	-37.9479000000
79.8875000000	-37.5435000000
79.8906250000	-37.1295000000
79.8937500000	-36.6985000000
79.8968750000	-36.2394000000
79.9000000000	-35.7359000000
79.9031250000	-35.1655000000
79.9062500000	-34.4986000000
79.9093750000	-33.6986000000
79.9125000000	-32.7280000000
79.9156250000	-31.5564000000
79.9187500000	-30.1734000000
79.9218750000	-28.5942000000
79.9250000000	-26.8571000000
79.9281250000	-25.0126000000
79.9312500000	-23.1113000000
79.9343750000	-21.1972000000
79.9375000000	-19.3041000000
79.9406250000	-17.4569000000
79.9437500000	-15.6733000000
79.9468750000	-13.9654000000
79.9500000000	-12.3415000000
79.9531250000	-10.8076000000
79.9562500000	-9.3674000000
79.9593750000	-8.0239000000
79.9625000000	-6.7789000000
79.9656250000	-5.6339000000
79.9687500000	-4.5898000000
79.9718750000	-3.6473000000
79.9750000000	-2.8071000000
79.9781250000	-2.0693000000
79.9812500000	-1.4345000000
79.9843750000	-0.9026000000
79.9875000000	-0.4740000000
79.9906250000	-0.1487000000
79.9937500000	0.0734000000
79.9968750000	0.1927000000
80.0000000000	0.2119000000
80.0031250000	0.1319000000
80.0062500000	-0.0501000000
80.0093750000	-0.3352000000
80.0125000000	-0.7237000000
80.0156250000	-1.2154000000
80.0187500000	-1.8103000000
80.0218750000	-2.5081000000
80.0250000000	-3.3085000000
80.0281250000	-4.2114000000
80.0312500000	-5.2161000000
80.0343750000	-6.3220000000
80.0375000000	-7.5284000000
80.0406250000	-8.8338000000
80.0437500000	-10.2367000000
80.0468750000	-11.7347000000
80.0500000000	-13.3241000000
80.0531250000	-15.0000000000
80.0562500000	-16.7551000000
80.0593750000	-18.5788000000
80.0625000000	-20.4556000000
80.0656250000	-22.3637000000
80.0687500000	-24.2725000000
80.0718750000	-26.1420000000
80.0750000000	-27.9234000000
80.0781250000	-29.5655000000
80.0812500000	-31.0245000000
80.0843750000	-32.2761000000
80.0875000000	-33.3219000000
80.0906250000	-34.1861000000
80.0937500000	-34.9049000000
80.0968750000	-35.5152000000
80.1000000000	-36.0493000000
80.1031250000	-36.5317000000
80.1062500000	-36.9805000000
80.1093750000	-37.4081000000
80.1125000000	-37.8229000000
80.1156250000	-38.2300000000
80.1187500000	-38.6320000000
80.1218750000	-39.0301000000
80.1250000000	-39.4239000000
80.1281250000	-39.8125000000
80.1312500000	-40.1945000000
80.1343750000	-40.5686000000
80.1375000000	-40.9340000000
80.1406250000	-41.2907000000
80.1437500000	-41.6391000000
80.1468750000	-41.9806000000
80.1500000000	-42.3168000000
80.1531250000	-42.6496000000
80.1562500000	-42.9810000000
80.1593750000	-43.3125000000
80.1625000000	-43.6455000000
80.1656250000	-43.9807000000
80.1687500000	-44.3182000000
80.1718750000	-44.6579000000
80.1750000000	-44.9990000000
80.1781250000	-45.3406000000
80.1812500000	-45.6818000000
80.1843750000	-46.0215000000
80.1875000000	-46.3592000000
80.1906250000	-46.6945000000
80.1937500000	-47.0275000000
80.1968750000	-47.3584000000
80.2000000000	-47.6876000000
80.2031250000	-48.0160000000
80.2062500000	-48.3442000000
80.2093750000	-48.6726000000
80.2125000000	-49.0017000000
80.2156250000	-49.3309000000
80.2187500000	-49.6602000000
80.2218750000	-49.9888000000
80.2250000000	-50.3157000000
80.2281250000	-50.6401000000
80.2312500000	-50.9608000000
80.2343750000	-51.2769000000
80.2375000000	-51.5875000000
80.2406250000	-51.8917000000
80.2437500000	-52.1888000000
80.2468750000	-52.4782000000
80.2500000000	-52.7595000000
80.2531250000	-53.0321000000
80.2562500000	-53.2960000000
80.2593750000	-53.5510000000
80.2625000000	-53.7973000000
80.2656250000	-54.0353000000
80.2687500000	-54.2661000000
80.2718750000	-54.4906000000
80.2750000000	-54.7100000000
80.2781250000	-54.9257000000
80.2812500000	-55.1393000000
80.2843750000	-55.3521000000
80.2875000000	-55.5655000000
80.2906250000	-55.7805000000
80.2937500000	-55.9977000000
80.2968750000	-56.2170000000
80.3000000000	-56.4384000000
80.3031250000	-56.6608000000
80.3062500000	-56.8833000000
80.3093750000	-57.1044000000
80.3125000000	-57.3224000000
80.3156250000	-57.5356000000
80.3187500000	-57.7426000000
80.3218750000	-57.9415000000
80.3250000000	-58.1313000000
80.3281250000	-58.3108000000
80.3312500000	-58.4796000000
80.3343750000	-58.6376000000
80.3375000000	-58.7851000000
80.3406250000	-58.9228000000
80.3437500000	-59.0519000000
80.3468750000	-59.1737000000
80.3500000000	-59.2900000000
80.3531250000	-59.4028000000
80.3562500000	-59.5141000000
80.3593750000	-59.6261000000
80.3625000000	-59.7407000000
80.3656250000	-59.8598000000
80.3687500000	-59.9846000000
80.3718750000	-60.1162000000
80.3750000000	-60.2548000000
80.3781250000	-60.4001000000
80.3812500000	-60.5516000000
80.3843750000	-60.7081000000
80.3875000000	-60.8677000000
80.3906250000	-61.0286000000
80.3937500000	-61.1883000000
80.3968750000	-61.3448000000
80.4000000000	-61.4959000000
80.4031250000	-61.6397000000
80.4062500000	-61.7753000000
80.4093750000	-61.9020000000
80.4125000000	-62.0203000000
80.4156250000	-62.1309000000
80.4187500000	-62.2350000000
80.4218750000	-62.3344000000
80.4250000000	-62.4308000000
80.4281250000	-62.5261000000
80.4312500000	-62.6223000000
80.4343750000	-62.7208000000
80.4375000000	-62.8228000000
80.4406250000	-62.9290000000
80.4437500000	-63.0397000000
80.4468750000	-63.1549000000
80.4500000000	-63.2740000000
80.4531250000	-63.3961000000
80.4562500000	-63.5199000000
80.4593750000	-63.6439000000
80.4625000000	-63.7664000000
80.4656250000	-63.8856000000
80.4687500000	-64.0000000000
80.4718750000	-64.1084000000
80.4750000000	-64.2096000000
80.4781250000	-64.3032000000
80.4812500000	-64.3892000000
80.4843750000	-64.4684000000
80.4875000000	-64.5419000000
80.4906250000	-64.6114000000
80.4937500000	-64.6789000000
80.4968750000	-64.7462000000
80.5000000000	-64.8151000000
80.5031250000	-64.8870000000
80.5062500000	-64.9634000000
80.5093750000	-65.0452000000
80.5125000000	-65.1326000000
80.5156250000	-65.2251000000
80.5187500000	-65.3219000000
80.5218750000	-65.4216000000
80.5250000000	-65.5227000000
80.5281250000	-65.6235000000
80.5312500000	-65.7221000000
80.5343750000	-65.8172000000
80.5375000000	-65.9074000000
80.5406250000	-65.9918000000
80.5437500000	-66.0695000000
80.5468750000	-66.1402000000
80.5500000000	-66.2039000000
80.5531250000	-66.2605000000
80.5562500000	-66.3107000000
80.5593750000	-66.3549000000
80.5625000000	-66.3937000000
80.5656250000	-66.4280000000
80.5687500000	-66.4584000000
80.5718750000	-66.4858000000
80.5750000000	-66.5113000000
80.5781250000	-66.5360000000
80.5812500000	-66.5612000000
80.5843750000	-66.5880000000
80.5875000000	-66.6174000000
80.5906250000	-66.6507000000
80.5937500000	-66.6886000000
80.5968750000	-66.7320000000
80.6000000000	-66.7810000000
80.6031250000	-66.8358000000
80.6062500000	-66.8968000000
80.6093750000	-66.9639000000
80.6125000000	-67.0371000000
80.6156250000	-67.1164000000
80.6187500000	-67.2018000000
80.6218750000	-67.2935000000
80.6250000000	-67.3915000000
80.6281250000	-67.4957000000
80.6312500000	-67.6063000000
80.6343750000	-67.7230000000
80.6375000000	-67.8456000000
80.6406250000	-67.9732000000
80.6437500000	-68.1044000000
80.6468750000	-68.2376000000
80.6500000000	-68.3707000000
80.6531250000	-68.5014000000
80.6562500000	-68.6276000000
80.6593750000	-68.7467000000
80.6625000000	-68.8568000000
80.6656250000	-68.9562000000
80.6687500000	-69.0437000000
80.6718750000	-69.1188000000
80.6750000000	-69.1813000000
80.6781250000	-69.2318000000
80.6812500000	-69.2713000000
80.6843750000	-69.3014000000
80.6875000000	-69.3238000000
80.6906250000	-69.3405000000
80.6937500000	-69.3534000000
80.6968750000	-69.3640000000
80.7000000000	-69.3739000000
80.7031250000	-69.3839000000
80.7062500000	-69.3944000000
80.7093750000	-69.4052000000
80.7125000000	-69.4157000000
80.7156250000	-69.4246000000
80.7187500000	-69.4306000000
80.7218750000	-69.4325000000
80.7250000000	-69.4297000000
80.7281250000	-69.4221000000
80.7312500000	-69.4109000000
80.7343750000	-69.3979000000
80.7375000000	-69.3860000000
80.7406250000	-69.3786000000
80.7437500000	-69.3796000000
80.7468750000	-69.3927000000
80.7500000000	-69.4206000000
80.7531250000	-69.4651000000
80.7562500000	-69.5272000000
80.7593750000	-69.6070000000
80.7625000000	-69.7034000000
80.7656250000	-69.8133000000
80.7687500000	-69.9327000000
80.7718750000	-70.0570000000
80.7750000000	-70.1810000000
80.7781250000	-70.3001000000
80.7812500000	-70.4101000000
80.7843750000	-70.5080000000
80.7875000000	-70.5924000000
80.7906250000	-70.6634000000
80.7937500000	-70.7225000000
80.7968750000	-70.7722000000
80.8000000000	-70.8157000000
80.8031250000	-70.8559000000
80.8062500000	-70.8959000000
80.8093750000	-70.9382000000
80.8125000000	-70.9845000000
80.8156250000	-71.0355000000
80.8187500000	-71.0912000000
80.8218750000	-71.1507000000
80.8250000000	-71.2127000000
80.8281250000	-71.2754000000
80.8312500000	-71.3367000000
80.8343750000	-71.3948000000
80.8375000000	-71.4477000000
80.8406250000	-71.4941000000
80.8437500000	-71.5331000000
80.8468750000	-71.5644000000
80.8500000000	-71.5882000000
80.8531250000	-71.6052000000
80.8562500000	-71.6168000000
80.8593750000	-71.6247000000
80.8625000000	-71.6310000000
80.8656250000	-71.6380000000
80.8687500000	-71.6478000000
80.8718750000	-71.6624000000
80.8750000000	-71.6837000000
80.8781250000	-71.7126000000
80.8812500000	-71.7500000000
80.8843750000	-71.7962000000
80.8875000000	-71.8510000000
80.8906250000	-71.9136000000
80.8937500000	-71.9825000000
80.8968750000	-72.0559000000
80.9000000000	-72.1318000000
80.9031250000	-72.2080000000
80.9062500000	-72.2823000000
80.9093750000	-72.3529000000
80.9125000000	-72.4184000000
80.9156250000	-72.4778000000
80.9187500000	-72.5308000000
80.9218750000	-72.5773000000
80.9250000000	-72.6177000000
80.9281250000	-72.6528000000
80.9312500000	-72.6833000000
80.9343750000	-72.7102000000
80.9375000000	-72.7342000000
80.9406250000	-72.7556000000
80.9437500000	-72.7742000000
80.9468750000	-72.7897000000
80.9500000000	-72.8008000000
80.9531250000	-72.8062000000
80.9562500000	-72.8037000000
80.9593750000	-72.7910000000
80.9625000000	-72.7659000000
80.9656250000	-72.7266000000
80.9687500000	-72.6721000000
80.9718750000	-72.6027000000
80.9750000000	-72.5197000000
80.9781250000	-72.4265000000
80.9812500000	-72.3273000000
80.9843750000	-72.2279000000
80.9875000000	-72.1343000000
80.9906250000	-72.0530000000
80.9937500000	-71.9898000000
80.9968750000	-71.9500000000
81.0000000000	-71.9373000000
81.0031250000	-71.9539000000
81.0062500000	-72.0004000000
81.0093750000	-72.0770000000
81.0125000000	-72.1824000000
81.0156250000	-72.3131000000
81.0187500000	-72.4644000000
81.0218750000	-72.6304000000
81.0250000000	-72.8044000000
81.0281250000	-72.9799000000
81.0312500000	-73.1506000000
81.0343750000	-73.3111000000
81.0375000000	-73.4576000000
81.0406250000	-73.5876000000
81.0437500000	-73.7007000000
81.0468750000	-73.7978000000
81.0500000000	-73.8811000000
81.0531250000	-73.9535000000
81.0562500000	-74.0181000000
81.0593750000	-74.0776000000
81.0625000000	-74.1342000000
81.0656250000	-74.1896000000
81.0687500000	-74.2447000000
81.0718750000	-74.2997000000
81.0750000000	-74.3542000000
81.0781250000	-74.4071000000
81.0812500000	-74.4569000000
81.0843750000	-74.5018000000
81.0875000000	-74.5400000000
81.0906250000	-74.5697000000
81.0937500000	-74.5895000000
81.0968750000	-74.5987000000
81.1000000000	-74.5974000000
81.1031250000	-74.5859000000
81.1062500000	-74.5659000000
81.1093750000	-74.5393000000
81.1125000000	-74.5087000000
81.1156250000	-74.4772000000
81.1187500000	-74.4474000000
81.1218750000	-74.4220000000
81.1250000000	-74.4032000000
81.1281250000	-74.3924000000
81.1312500000	-74.3907000000
81.1343750000	-74.3981000000
81.1375000000	-74.4143000000
81.1406250000	-74.4376000000
81.1437500000	-74.4660000000
81.1468750000	-74.4970000000
81.1500000000	-74.5275000000
81.1531250000	-74.5542000000
81.1562500000	-74.5742000000
81.1593750000	-74.5843000000
81.1625000000	-74.5821000000
81.1656250000	-74.5660000000
81.1687500000	-74.5354000000
81.1718750000	-74.4908000000
81.1750000000	-74.4340000000
81.1781250000	-74.3682000000
81.1812500000	-74.2977000000
81.1843750000	-74.2271000000
81.1875000000	-74.1618000000
81.1906250000	-74.1063000000
81.1937500000	-74.0645000000
81.1968750000	-74.0391000000
81.2000000000	-74.0305000000
81.2031250000	-74.0374000000
81.2062500000	-74.0571000000
81.2093750000	-74.0853000000
81.2125000000	-74.1158000000
81.2156250000	-74.1412000000
81.2187500000	-74.1536000000
81.2218750000	-74.1465000000
81.2250000000	-74.1154000000
81.2281250000	-74.0593000000
81.2312500000	-73.9804000000
81.2343750000	-73.8847000000
81.2375000000	-73.7806000000
81.2406250000	-73.6778000000
81.2437500000	-73.5863000000
81.2468750000	-73.5153000000
81.2500000000	-73.4722000000
81.2531250000	-73.4624000000
81.2562500000	-73.4888000000
81.2593750000	-73.5534000000
81.2625000000	-73.6569000000
81.2656250000	-73.7974000000
81.2687500000	-73.9709000000
81.2718750000	-74.1716000000
81.2750000000	-74.3926000000
81.2781250000	-74.6258000000
81.2812500000	-74.8624000000
81.2843750000	-75.0938000000
81.2875000000	-75.3118000000
81.2906250000	-75.5098000000
81.2937500000	-75.6831000000
81.2968750000	-75.8291000000
81.3000000000	-75.9477000000
81.3031250000	-76.0402000000
81.3062500000	-76.1095000000
81.3093750000	-76.1596000000
81.3125000000	-76.1944000000
81.3156250000	-76.2179000000
81.3187500000	-76.2330000000
81.3218750000	-76.2420000000
81.3250000000	-76.2465000000
81.3281250000	-76.2471000000
81.3312500000	-76.2436000000
81.3343750000	-76.2356000000
81.3375000000	-76.2223000000
81.3406250000	-76.2035000000
81.3437500000	-76.1791000000
81.3468750000	-76.1496000000
81.3500000000	-76.1165000000
81.3531250000	-76.0813000000
81.3562500000	-76.0466000000
81.3593750000	-76.0148000000
81.3625000000	-75.9889000000
81.3656250000	-75.9712000000
81.3687500000	-75.9637000000
81.3718750000	-75.9679000000
81.3750000000	-75.9844000000
81.3781250000	-76.0130000000
81.3812500000	-76.0523000000
81.3843750000	-76.1003000000
81.3875000000	-76.1547000000
81.3906250000	-76.2123000000
81.3937500000	-76.2700000000
81.3968750000	-76.3247000000
81.4000000000	-76.3738000000
81.4031250000	-76.4155000000
81.4062500000	-76.4490000000
81.4093750000	-76.4741000000
81.4125000000	-76.4916000000
81.4156250000	-76.5031000000
81.4187500000	-76.5104000000
81.4218750000	-76.5155000000
81.4250000000	-76.5199000000
81.4281250000	-76.5251000000
81.4312500000	-76.5321000000
81.4343750000	-76.5411000000
81.4375000000	-76.5520000000
81.4406250000	-76.5643000000
81.4437500000	-76.5764000000
81.4468750000	-76.5868000000
81.4500000000	-76.5928000000
81.4531250000	-76.5919000000
81.4562500000	-76.5807000000
81.4593750000	-76.5559000000
81.4625000000	-76.5139000000
81.4656250000	-76.4516000000
81.4687500000	-76.3667000000
81.4718750000	-76.2585000000
81.4750000000	-76.1282000000
81.4781250000	-75.9791000000
81.4812500000	-75.8164000000
81.4843750000	-75.6472000000
81.4875000000	-75.4794000000
81.4906250000	-75.3217000000
81.4937500000	-75.1820000000
81.4968750000	-75.0675000000
81.5000000000	-74.9841000000
81.5031250000	-74.9356000000
81.5062500000	-74.9233000000
81.5093750000	-74.9476000000
81.5125000000	-75.0083000000
81.5156250000	-75.1025000000
81.5187500000	-75.2255000000
81.5218750000	-75.3710000000
81.5250000000	-75.5314000000
81.5281250000	-75.6983000000
81.5312500000	-75.8631000000
81.5343750000	-76.0180000000
81.5375000000	-76.1562000000
81.5406250000	-76.2724000000
81.5437500000	-76.3635000000
81.5468750000	-76.4283000000
81.5500000000	-76.4674000000
81.5531250000	-76.4824000000
81.5562500000	-76.4762000000
81.5593750000	-76.4520000000
81.5625000000	-76.4130000000
81.5656250000	-76.3631000000
81.5687500000	-76.3057000000
81.5718750000	-76.2443000000
81.5750000000	-76.1830000000
81.5781250000	-76.1255000000
81.5812500000	-76.0757000000
81.5843750000	-76.0375000000
81.5875000000	-76.0141000000
81.5906250000	-76.0086000000
81.5937500000	-76.0230000000
81.5968750000	-76.0584000000
81.6000000000	-76.1151000000
81.6031250000	-76.1929000000
81.6062500000	-76.2904000000
81.6093750000	-76.4053000000
81.6125000000	-76.5344000000
81.6156250000	-76.6735000000
81.6187500000	-76.8180000000
81.6218750000	-76.9632000000
81.6250000000	-77.1046000000
81.6281250000	-77.2380000000
81.6312500000	-77.3599000000
81.6343750000	-77.4675000000
81.6375000000	-77.5590000000
81.6406250000	-77.6333000000
81.6437500000	-77.6896000000
81.6468750000	-77.7279000000
81.6500000000	-77.7486000000
81.6531250000	-77.7525000000
81.6562500000	-77.7410000000
81.6593750000	-77.7155000000
81.6625000000	-77.6780000000
81.6656250000	-77.6309000000
81.6687500000	-77.5768000000
81.6718750000	-77.5189000000
81.6750000000	-77.4605000000
81.6781250000	-77.4045000000
81.6812500000	-77.3540000000
81.6843750000	-77.3109000000
81.6875000000	-77.2769000000
81.6906250000	-77.2524000000
81.6937500000	-77.2363000000
81.6968750000	-77.2271000000
81.7000000000	-77.2221000000
81.7031250000	-77.2179000000
81.7062500000	-77.2100000000
81.7093750000	-77.1933000000
81.7125000000	-77.1629000000
81.7156250000	-77.1147000000
81.7187500000	-77.0456000000
81.7218750000	-76.9543000000
81.7250000000	-76.8413000000
81.7281250000	-76.7097000000
81.7312500000	-76.5647000000
81.7343750000	-76.4130000000
81.7375000000	-76.2626000000
81.7406250000	-76.1214000000
81.7437500000	-75.9975000000
81.7468750000	-75.8981000000
81.7500000000	-75.8290000000
81.7531250000	-75.7947000000
81.7562500000	-75.7971000000
81.7593750000	-75.8369000000
81.7625000000	-75.9143000000
81.7656250000	-76.0279000000
81.7687500000	-76.1739000000
81.7718750000	-76.3467000000
81.7750000000	-76.5392000000
81.7781250000	-76.7435000000
81.7812500000	-76.9510000000
81.7843750000	-77.1534000000
81.7875000000	-77.3434000000
81.7906250000	-77.5151000000
81.7937500000	-77.6648000000
81.7968750000	-77.7909000000
81.8000000000	-77.8937000000
81.8031250000	-77.9749000000
81.8062500000	-78.0374000000
81.8093750000	-78.0847000000
81.8125000000	-78.1198000000
81.8156250000	-78.1455000000
81.8187500000	-78.1638000000
81.8218750000	-78.1762000000
81.8250000000	-78.1835000000
81.8281250000	-78.1862000000
81.8312500000	-78.1847000000
81.8343750000	-78.1793000000
81.8375000000	-78.1702000000
81.8406250000	-78.1582000000
81.8437500000	-78.1438000000
81.8468750000	-78.1283000000
81.8500000000	-78.1127000000
81.8531250000	-78.0983000000
81.8562500000	-78.0863000000
81.8593750000	-78.0778000000
81.8625000000	-78.0741000000
81.8656250000	-78.0760000000
81.8687500000	-78.0839000000
81.8718750000	-78.0977000000
81.8750000000	-78.1173000000
81.8781250000	-78.1419000000
81.8812500000	-78.1707000000
81.8843750000	-78.2024000000
81.8875000000	-78.2359000000
81.8906250000	-78.2701000000
81.8937500000	-78.3039000000
81.8968750000	-78.3364000000
81.9000000000	-78.3670000000
81.9031250000	-78.3952000000
81.9062500000	-78.4210000000
81.9093750000	-78.4446000000
81.9125000000	-78.4663000000
81.9156250000	-78.4864000000
81.9187500000	-78.5051000000
81.9218750000	-78.5223000000
81.9250000000	-78.5379000000
81.9281250000	-78.5513000000
81.9312500000	-78.5618000000
81.9343750000	-78.5682000000
81.9375000000	-78.5695000000
81.9406250000	-78.5641000000
81.9437500000	-78.5502000000
81.9468750000	-78.5261000000
81.9500000000	-78.4897000000
81.9531250000	-78.4391000000
81.9562500000	-78.3723000000
81.9593750000	-78.2875000000
81.9625000000	-78.1835000000
81.9656250000	-78.0597000000
81.9687500000	-77.9164000000
81.9718750000	-77.7555000000
81.9750000000	-77.5801000000
81.9781250000	-77.3948000000
81.9812500000	-77.2054000000
81.9843750000	-77.0183000000
81.9875000000	-76.8407000000
81.9906250000	-76.6796000000
81.9937500000	-76.5419000000
81.9968750000	-76.4331000000
82.0000000000	-76.3578000000
82.0031250000	-76.3189000000
82.0062500000	-76.3176000000
82.0093750000	-76.3538000000
82.0125000000	-76.4265000000
82.0156250000	-76.5335000000
82.0187500000	-76.6706000000
82.0218750000	-76.8316000000
82.0250000000	-77.0098000000
82.0281250000	-77.1973000000
82.0312500000	-77.3866000000
82.0343750000	-77.5705000000
82.0375000000	-77.7428000000
82.0406250000	-77.8991000000
82.0437500000	-78.0367000000
82.0468750000	-78.1548000000
82.0500000000	-78.2539000000
82.0531250000	-78.3357000000
82.0562500000	-78.4024000000
82.0593750000	-78.4565000000
82.0625000000	-78.5002000000
82.0656250000	-78.5351000000
82.0687500000	-78.5627000000
82.0718750000	-78.5839000000
82.0750000000	-78.5995000000
82.0781250000	-78.6102000000
82.0812500000	-78.6163000000
82.0843750000	-78.6186000000
82.0875000000	-78.6176000000
82.0906250000	-78.6142000000
82.0937500000	-78.6094000000
82.0968750000	-78.6041000000
82.1000000000	-78.5994000000
82.1031250000	-78.5960000000
82.1062500000	-78.5946000000
82.1093750000	-78.5960000000
82.1125000000	-78.6007000000
82.1156250000	-78.6089000000
82.1187500000	-78.6205000000
82.1218750000	-78.6352000000
82.1250000000	-78.6525000000
82.1281250000	-78.6712000000
82.1312500000	-78.6899000000
82.1343750000	-78.7068000000
82.1375000000	-78.7203000000
82.1406250000	-78.7288000000
82.1437500000	-78.7308000000
82.1468750000	-78.7257000000
82.1500000000	-78.7133000000
82.1531250000	-78.6945000000
82.1562500000	-78.6709000000
82.1593750000	-78.6449000000
82.1625000000	-78.6193000000
82.1656250000	-78.5972000000
82.1687500000	-78.5815000000
82.1718750000	-78.5747000000
82.1750000000	-78.5787000000
82.1781250000	-78.5946000000
82.1812500000	-78.6224000000
82.1843750000	-78.6612000000
82.1875000000	-78.7093000000
82.1906250000	-78.7637000000
82.1937500000	-78.8207000000
82.1968750000	-78.8763000000
82.2000000000	-78.9258000000
82.2031250000	-78.9650000000
82.2062500000	-78.9898000000
82.2093750000	-78.9965000000
82.2125000000	-78.9824000000
82.2156250000	-78.9455000000
82.2187500000	-78.8853000000
82.2218750000	-78.8024000000
82.2250000000	-78.6989000000
82.2281250000	-78.5781000000
82.2312500000	-78.4448000000
82.2343750000	-78.3047000000
82.2375000000	-78.1643000000
82.2406250000	-78.0303000000
82.2437500000	-77.9095000000
82.2468750000	-77.8079000000
82.2500000000	-77.7305000000
82.2531250000	-77.6810000000
82.2562500000	-77.6613000000
82.2593750000	-77.6711000000
82.2625000000	-77.7090000000
82.2656250000	-77.7723000000
82.2687500000	-77.8563000000
82.2718750000	-77.9544000000
82.2750000000	-78.0587000000
82.2781250000	-78.1610000000
82.2812500000	-78.2534000000
82.2843750000	-78.3296000000
82.2875000000	-78.3854000000
82.2906250000	-78.4197000000
82.2937500000	-78.4343000000
82.2968750000	-78.4333000000
82.3000000000	-78.4229000000
82.3031250000	-78.4098000000
82.3062500000	-78.4005000000
82.3093750000	-78.4003000000
82.3125000000	-78.4131000000
82.3156250000	-78.4419000000
82.3187500000	-78.4885000000
82.3218750000	-78.5523000000
82.3250000000	-78.6310000000
82.3281250000	-78.7212000000
82.3312500000	-78.8184000000
82.3343750000	-78.9177000000
82.3375000000	-79.0138000000
82.3406250000	-79.1010000000
82.3437500000	-79.1741000000
82.3468750000	-79.2288000000
82.3500000000	-79.2619000000
82.3531250000	-79.2713000000
82.3562500000	-79.2561000000
82.3593750000	-79.2169000000
82.3625000000	-79.1551000000
82.3656250000	-79.0736000000
82.3687500000	-78.9760000000
82.3718750000	-78.8663000000
82.3750000000	-78.7490000000
82.3781250000	-78.6286000000
82.3812500000	-78.5101000000
82.3843750000	-78.3984000000
82.3875000000	-78.2980000000
82.3906250000	-78.2133000000
82.3937500000	-78.1478000000
82.3968750000	-78.1045000000
82.4000000000	-78.0853000000
82.4031250000	-78.0911000000
82.4062500000	-78.1219000000
82.4093750000	-78.1769000000
82.4125000000	-78.2542000000
82.4156250000	-78.3507000000
82.4187500000	-78.4625000000
82.4218750000	-78.5848000000
82.4250000000	-78.7122000000
82.4281250000	-78.8390000000
82.4312500000	-78.9597000000
82.4343750000	-79.0697000000
82.4375000000	-79.1651000000
82.4406250000	-79.2435000000
82.4437500000	-79.3036000000
82.4468750000	-79.3455000000
82.4500000000	-79.3699000000
82.4531250000	-79.3782000000
82.4562500000	-79.3724000000
82.4593750000	-79.3541000000
82.4625000000	-79.3249000000
82.4656250000	-79.2859000000
82.4687500000	-79.2379000000
82.4718750000	-79.1817000000
82.4750000000	-79.1174000000
82.4781250000	-79.0456000000
82.4812500000	-78.9677000000
82.4843750000	-78.8858000000
82.4875000000	-78.8025000000
82.4906250000	-78.7212000000
82.4937500000	-78.6456000000
82.4968750000	-78.5797000000
82.5000000000	-78.5272000000
82.5031250000	-78.4915000000
82.5062500000	-78.4751000000
82.5093750000	-78.4790000000
82.5125000000	-78.5034000000
82.5156250000	-78.5482000000
82.5187500000	-78.6120000000
82.5218750000	-78.6923000000
82.5250000000	-78.7856000000
82.5281250000	-78.8880000000
82.5312500000	-78.9952000000
82.5343750000	-79.1034000000
82.5375000000	-79.2091000000
82.5406250000	-79.3092000000
82.5437500000	-79.4017000000
82.5468750000	-79.4848000000
82.5500000000	-79.5577000000
82.5531250000	-79.6196000000
82.5562500000	-79.6701000000
82.5593750000	-79.7087000000
82.5625000000	-79.7351000000
82.5656250000	-79.7489000000
82.5687500000	-79.7502000000
82.5718750000	-79.7393000000
82.5750000000	-79.7169000000
82.5781250000	-79.6840000000
82.5812500000	-79.6423000000
82.5843750000	-79.5936000000
82.5875000000	-79.5400000000
82.5906250000	-79.4838000000
82.5937500000	-79.4274000000
82.5968750000	-79.3727000000
82.6000000000	-79.3219000000
82.6031250000	-79.2765000000
82.6062500000	-79.2379000000
82.6093750000	-79.2073000000
82.6125000000	-79.1856000000
82.6156250000	-79.1736000000
82.6187500000	-79.1716000000
82.6218750000	-79.1797000000
82.6250000000	-79.1977000000
82.6281250000	-79.2250000000
82.6312500000	-79.2607000000
82.6343750000	-79.3034000000
82.6375000000	-79.3513000000
82.6406250000	-79.4021000000
82.6437500000	-79.4530000000
82.6468750000	-79.5010000000
82.6500000000	-79.5427000000
82.6531250000	-79.5747000000
82.6562500000	-79.5936000000
82.6593750000	-79.5964000000
82.6625000000	-79.5812000000
82.6656250000	-79.5468000000
82.6687500000	-79.4932000000
82.6718750000	-79.4219000000
82.6750000000	-79.3357000000
82.6781250000	-79.2389000000
82.6812500000	-79.1364000000
82.6843750000	-79.0339000000
82.6875000000	-78.9372000000
82.6906250000	-78.8517000000
82.6937500000	-78.7820000000
82.6968750000	-78.7318000000
82.7000000000	-78.7033000000
82.7031250000	-78.6967000000
82.7062500000	-78.7118000000
82.7093750000	-78.7472000000
82.7125000000	-78.7999000000
82.7156250000	-78.8655000000
82.7187500000	-78.9383000000
82.7218750000	-79.0127000000
82.7250000000	-79.0825000000
82.7281250000	-79.1425000000
82.7312500000	-79.1883000000
82.7343750000	-79.2171000000
82.7375000000	-79.2279000000
82.7406250000	-79.2218000000
82.7437500000	-79.2014000000
82.7468750000	-79.1708000000
82.7500000000	-79.1345000000
82.7531250000	-79.0971000000
82.7562500000	-79.0631000000
82.7593750000	-79.0360000000
82.7625000000	-79.0184000000
82.7656250000	-79.0123000000
82.7687500000	-79.0187000000
82.7718750000	-79.0375000000
82.7750000000	-79.0678000000
82.7781250000	-79.1081000000
82.7812500000	-79.1566000000
82.7843750000	-79.2111000000
82.7875000000	-79.2697000000
82.7906250000	-79.3306000000
82.7937500000	-79.3920000000
82.7968750000	-79.4525000000
82.8000000000	-79.5111000000
82.8031250000	-79.5662000000
82.8062500000	-79.6172000000
82.8093750000	-79.6632000000
82.8125000000	-79.7034000000
82.8156250000	-79.7369000000
82.8187500000	-79.7634000000
82.8218750000	-79.7822000000
82.8250000000	-79.7936000000
82.8281250000	-79.7979000000
82.8312500000	-79.7955000000
82.8343750000	-79.7874000000
82.8375000000	-79.7744000000
82.8406250000	-79.7574000000
82.8437500000	-79.7372000000
82.8468750000	-79.7142000000
82.8500000000	-79.6885000000
82.8531250000	-79.6599000000
82.8562500000	-79.6284000000
82.8593750000	-79.5939000000
82.8625000000	-79.5565000000
82.8656250000	-79.5166000000
82.8687500000	-79.4749000000
82.8718750000	-79.4324000000
82.8750000000	-79.3908000000
82.8781250000	-79.3516000000
82.8812500000	-79.3166000000
82.8843750000	-79.2874000000
82.8875000000	-79.2652000000
82.8906250000	-79.2514000000
82.8937500000	-79.2465000000
82.8968750000	-79.2508000000
82.9000000000	-79.2639000000
82.9031250000	-79.2858000000
82.9062500000	-79.3160000000
82.9093750000	-79.3538000000
82.9125000000	-79.3986000000
82.9156250000	-79.4496000000
82.9187500000	-79.5057000000
82.9218750000	-79.5661000000
82.9250000000	-79.6296000000
82.9281250000	-79.6948000000
82.9312500000	-79.7603000000
82.9343750000	-79.8245000000
82.9375000000	-79.8861000000
82.9406250000	-79.9432000000
82.9437500000	-79.9943000000
82.9468750000	-80.0381000000
82.9500000000	-80.0737000000
82.9531250000	-80.1007000000
82.9562500000	-80.1192000000
82.9593750000	-80.1298000000
82.9625000000	-80.1336000000
82.9656250000	-80.1318000000
82.9687500000	-80.1258000000
82.9718750000	-80.1171000000
82.9750000000	-80.1071000000
82.9781250000	-80.0970000000
82.9812500000	-80.0877000000
82.9843750000	-80.0801000000
82.9875000000	-80.0748000000
82.9906250000	-80.0724000000
82.9937500000	-80.0732000000
82.9968750000	-80.0773000000
83.0000000000	-80.0847000000
83.0031250000	-80.0953000000
83.0062500000	-80.1086000000
83.0093750000	-80.1239000000
83.0125000000	-80.1398000000
83.0156250000	-80.1554000000
83.0187500000	-80.1698000000
83.0218750000	-80.1817000000
83.0250000000	-80.1899000000
83.0281250000	-80.1933000000
83.0312500000	-80.1911000000
83.0343750000	-80.1827000000
83.0375000000	-80.1682000000
83.0406250000	-80.1478000000
83.0437500000	-80.1223000000
83.0468750000	-80.0927000000
83.0500000000	-80.0605000000
83.0531250000	-80.0274000000
83.0562500000	-79.9954000000
83.0593750000	-79.9661000000
83.0625000000	-79.9411000000
83.0656250000	-79.9216000000
83.0687500000	-79.9086000000
83.0718750000	-79.9027000000
83.0750000000	-79.9040000000
83.0781250000	-79.9125000000
83.0812500000	-79.9274000000
83.0843750000	-79.9477000000
83.0875000000	-79.9719000000
83.0906250000	-79.9979000000
83.0937500000	-80.0232000000
83.0968750000	-80.0456000000
83.1000000000	-80.0627000000
83.1031250000	-80.0724000000
83.1062500000	-80.0730000000
83.1093750000	-80.0635000000
83.1125000000	-80.0439000000
83.1156250000	-80.0148000000
83.1187500000	-79.9778000000
83.1218750000	-79.9352000000
83.1250000000	-79.8899000000
83.1281250000	-79.8446000000
83.1312500000	-79.8024000000
83.1343750000	-79.7658000000
83.1375000000	-79.7363000000
83.1406250000	-79.7151000000
83.1437500000	-79.7026000000
83.1468750000	-79.6981000000
83.1500000000	-79.7002000000
83.1531250000	-79.7065000000
83.1562500000	-79.7144000000
83.1593750000	-79.7202000000
83.1625000000	-79.7210000000
83.1656250000	-79.7141000000
83.1687500000	-79.6978000000
83.1718750000	-79.6712000000
83.1750000000	-79.6346000000
83.1781250000	-79.5899000000
83.1812500000	-79.5398000000
83.1843750000	-79.4878000000
83.1875000000	-79.4377000000
83.1906250000	-79.3935000000
83.1937500000	-79.3587000000
83.1968750000	-79.3360000000
83.2000000000	-79.3270000000
83.2031250000	-79.3323000000
83.2062500000	-79.3525000000
83.2093750000	-79.3866000000
83.2125000000	-79.4329000000
83.2156250000	-79.4890000000
83.2187500000	-79.5518000000
83.2218750000	-79.6179000000
83.2250000000	-79.6837000000
83.2281250000	-79.7462000000
83.2312500000	-79.8028000000
83.2343750000	-79.8514000000
83.2375000000	-79.8905000000
83.2406250000	-79.9194000000
83.2437500000	-79.9383000000
83.2468750000	-79.9480000000
83.2500000000	-79.9501000000
83.2531250000	-79.9466000000
83.2562500000	-79.9398000000
83.2593750000	-79.9319000000
83.2625000000	-79.9251000000
83.2656250000	-79.9208000000
83.2687500000	-79.9204000000
83.2718750000	-79.9245000000
83.2750000000	-79.9332000000
83.2781250000	-79.9461000000
83.2812500000	-79.9623000000
83.2843750000	-79.9807000000
83.2875000000	-80.0002000000
83.2906250000	-80.0195000000
83.2937500000	-80.0378000000
83.2968750000	-80.0544000000
83.3000000000	-80.0689000000
83.3031250000	-80.0814000000
83.3062500000	-80.0920000000
83.3093750000	-80.1011000000
83.3125000000	-80.1094000000
83.3156250000	-80.1173000000
83.3187500000	-80.1255000000
83.3218750000	-80.1343000000
83.3250000000	-80.1438000000
83.3281250000	-80.1539000000
83.3312500000	-80.1637000000
83.3343750000	-80.1724000000
83.3375000000	-80.1784000000
83.3406250000	-80.1802000000
83.3437500000	-80.1759000000
83.3468750000	-80.1636000000
83.3500000000	-80.1415000000
83.3531250000	-80.1083000000
83.3562500000	-80.0633000000
83.3593750000	-80.0072000000
83.3625000000	-79.9416000000
83.3656250000	-79.8688000000
83.3687500000	-79.7920000000
83.3718750000	-79.7152000000
83.3750000000	-79.6422000000
83.3781250000	-79.5769000000
83.3812500000	-79.5229000000
83.3843750000	-79.4827000000
83.3875000000	-79.4582000000
83.3906250000	-79.4501000000
83.3937500000	-79.4587000000
83.3968750000	-79.4835000000
83.4000000000	-79.5227000000
83.4031250000	-79.5741000000
83.4062500000	-79.6353000000
83.4093750000	-79.7036000000
83.4125000000	-79.7765000000
83.4156250000	-79.8517000000
83.4187500000	-79.9270000000
83.4218750000	-80.0010000000
83.4250000000	-80.0721000000
83.4281250000	-80.1396000000
83.4312500000	-80.2027000000
83.4343750000	-80.2608000000
83.4375000000	-80.3132000000
83.4406250000	-80.3594000000
83.4437500000	-80.3988000000
83.4468750000	-80.4307000000
83.4500000000	-80.4545000000
83.4531250000	-80.4700000000
83.4562500000	-80.4773000000
83.4593750000	-80.4765000000
83.4625000000	-80.4682000000
83.4656250000	-80.4533000000
83.4687500000	-80.4329000000
83.4718750000	-80.4084000000
83.4750000000	-80.3812000000
83.4781250000	-80.3526000000
83.4812500000	-80.3238000000
83.4843750000	-80.2958000000
83.4875000000	-80.2697000000
83.4906250000	-80.2460000000
83.4937500000	-80.2254000000
83.4968750000	-80.2080000000
83.5000000000	-80.1940000000
83.5031250000	-80.1835000000
83.5062500000	-80.1761000000
83.5093750000	-80.1718000000
83.5125000000	-80.1701000000
83.5156250000	-80.1708000000
83.5187500000	-80.1735000000
83.5218750000	-80.1780000000
83.5250000000	-80.1837000000
83.5281250000	-80.1907000000
83.5312500000	-80.1988000000
83.5343750000	-80.2078000000
83.5375000000	-80.2175000000
83.5406250000	-80.2277000000
83.5437500000	-80.2380000000
83.5468750000	-80.2479000000
83.5500000000	-80.2570000000
83.5531250000	-80.2649000000
83.5562500000	-80.2715000000
83.5593750000	-80.2766000000
83.5625000000	-80.2799000000
83.5656250000	-80.2815000000
83.5687500000	-80.2816000000
83.5718750000	-80.2807000000
83.5750000000	-80.2794000000
83.5781250000	-80.2784000000
83.5812500000	-80.2781000000
83.5843750000	-80.2790000000
83.5875000000	-80.2815000000
83.5906250000	-80.2856000000
83.5937500000	-80.2907000000
83.5968750000	-80.2961000000
83.6000000000	-80.3008000000
83.6031250000	-80.3034000000
83.6062500000	-80.3027000000
83.6093750000	-80.2978000000
83.6125000000	-80.2881000000
83.6156250000	-80.2733000000
83.6187500000	-80.2538000000
83.6218750000	-80.2306000000
83.6250000000	-80.2050000000
83.6281250000	-80.1787000000
83.6312500000	-80.1538000000
83.6343750000	-80.1319000000
83.6375000000	-80.1145000000
83.6406250000	-80.1024000000
83.6437500000	-80.0959000000
83.6468750000	-80.0949000000
83.6500000000	-80.0987000000
83.6531250000	-80.1063000000
83.6562500000	-80.1167000000
83.6593750000	-80.1285000000
83.6625000000	-80.1407000000
83.6656250000	-80.1525000000
83.6687500000	-80.1635000000
83.6718750000	-80.1734000000
83.6750000000	-80.1826000000
83.6781250000	-80.1913000000
83.6812500000	-80.2000000000
83.6843750000	-80.2091000000
83.6875000000	-80.2189000000
83.6906250000	-80.2297000000
83.6937500000	-80.2415000000
83.6968750000	-80.2540000000
83.7000000000	-80.2672000000
83.7031250000	-80.2807000000
83.7062500000	-80.2946000000
83.7093750000	-80.3086000000
83.7125000000	-80.3225000000
83.7156250000	-80.3363000000
83.7187500000	-80.3495000000
83.7218750000	-80.3615000000
83.7250000000	-80.3717000000
83.7281250000	-80.3793000000
83.7312500000	-80.3833000000
83.7343750000	-80.3831000000
83.7375000000	-80.3781000000
83.7406250000	-80.3678000000
83.7437500000	-80.3521000000
83.7468750000	-80.3317000000
83.7500000000	-80.3074000000
83.7531250000	-80.2806000000
83.7562500000	-80.2527000000
83.7593750000	-80.2250000000
83.7625000000	-80.1988000000
83.7656250000	-80.1752000000
83.7687500000	-80.1553000000
83.7718750000	-80.1395000000
83.7750000000	-80.1282000000
83.7781250000	-80.1212000000
83.7812500000	-80.1183000000
83.7843750000	-80.1188000000
83.7875000000	-80.1222000000
83.7906250000	-80.1279000000
83.7937500000	-80.1352000000
83.7968750000	-80.1435000000
83.8000000000	-80.1526000000
83.8031250000	-80.1621000000
83.8062500000	-80.1717000000
83.8093750000	-80.1811000000
83.8125000000	-80.1901000000
83.8156250000	-80.1987000000
83.8187500000	-80.2067000000
83.8218750000	-80.2139000000
83.8250000000	-80.2203000000
83.8281250000	-80.2256000000
83.8312500000	-80.2291000000
83.8343750000	-80.2302000000
83.8375000000	-80.2283000000
83.8406250000	-80.2227000000
83.8437500000	-80.2126000000
83.8468750000	-80.1975000000
83.8500000000	-80.1770000000
83.8531250000	-80.1515000000
83.8562500000	-80.1214000000
83.8593750000	-80.0878000000
83.8625000000	-80.0525000000
83.8656250000	-80.0176000000
83.8687500000	-79.9853000000
83.8718750000	-79.9576000000
83.8750000000	-79.9367000000
83.8781250000	-79.9245000000
83.8812500000	-79.9225000000
83.8843750000	-79.9314000000
83.8875000000	-79.9514000000
83.8906250000	-79.9816000000
83.8937500000	-80.0207000000
83.8968750000	-80.0670000000
83.9000000000	-80.1183000000
83.9031250000	-80.1718000000
83.9062500000	-80.2246000000
83.9093750000	-80.2735000000
83.9125000000	-80.3159000000
83.9156250000	-80.3495000000
83.9187500000	-80.3729000000
83.9218750000	-80.3850000000
83.9250000000	-80.3857000000
83.9281250000	-80.3757000000
83.9312500000	-80.3562000000
83.9343750000	-80.3287000000
83.9375000000	-80.2949000000
83.9406250000	-80.2566000000
83.9437500000	-80.2153000000
83.9468750000	-80.1724000000
83.9500000000	-80.1291000000
83.9531250000	-80.0862000000
83.9562500000	-80.0446000000
83.9593750000	-80.0046000000
83.9625000000	-79.9666000000
83.9656250000	-79.9312000000
83.9687500000	-79.8987000000
83.9718750000	-79.8695000000
83.9750000000	-79.8442000000
83.9781250000	-79.8232000000
83.9812500000	-79.8073000000
83.9843750000	-79.7971000000
83.9875000000	-79.7929000000
83.9906250000	-79.7952000000
83.9937500000	-79.8045000000
83.9968750000	-79.8207000000
84.0000000000	-79.8438000000
84.0031250000	-79.8733000000
84.0062500000	-79.9089000000
84.0093750000	-79.9499000000
84.0125000000	-79.9956000000
84.0156250000	-80.0449000000
84.0187500000	-80.0968000000
84.0218750000	-80.1504000000
84.0250000000	-80.2045000000
84.0281250000	-80.2584000000
84.0312500000	-80.3114000000
84.0343750000	-80.3633000000
84.0375000000	-80.4137000000
84.0406250000	-80.4623000000
84.0437500000	-80.5090000000
84.0468750000	-80.5535000000
84.0500000000	-80.5958000000
84.0531250000	-80.6359000000
84.0562500000	-80.6736000000
84.0593750000	-80.7088000000
84.0625000000	-80.7410000000
84.0656250000	-80.7700000000
84.0687500000	-80.7953000000
84.0718750000	-80.8166000000
84.0750000000	-80.8333000000
84.0781250000	-80.8449000000
84.0812500000	-80.8506000000
84.0843750000	-80.8496000000
84.0875000000	-80.8413000000
84.0906250000	-80.8252000000
84.0937500000	-80.8012000000
84.0968750000	-80.7692000000
84.1000000000	-80.7294000000
84.1031250000	-80.6825000000
84.1062500000	-80.6293000000
84.1093750000	-80.5715000000
84.1125000000	-80.5106000000
84.1156250000	-80.4484000000
84.1187500000	-80.3866000000
84.1218750000	-80.3266000000
84.1250000000	-80.2698000000
84.1281250000	-80.2172000000
84.1312500000	-80.1695000000
84.1343750000	-80.1270000000
84.1375000000	-80.0900000000
84.1406250000	-80.0583000000
84.1437500000	-80.0316000000
84.1468750000	-80.0095000000
84.1500000000	-79.9917000000
84.1531250000	-79.9775000000
84.1562500000	-79.9664000000
84.1593750000	-79.9576000000
84.1625000000	-79.9503000000
84.1656250000	-79.9436000000
84.1687500000	-79.9369000000
84.1718750000	-79.9299000000
84.1750000000	-79.9227000000
84.1781250000	-79.9154000000
84.1812500000	-79.9087000000
84.1843750000	-79.9032000000
84.1875000000	-79.9003000000
84.1906250000	-79.9011000000
84.1937500000	-79.9071000000
84.1968750000	-79.9193000000
84.2000000000	-79.9383000000
84.2031250000	-79.9642000000
84.2062500000	-79.9968000000
84.2093750000	-80.0352000000
84.2125000000	-80.0777000000
84.2156250000	-80.1224000000
84.2187500000	-80.1670000000
84.2218750000	-80.2091000000
84.2250000000	-80.2466000000
84.2281250000	-80.2778000000
84.2312500000	-80.3016000000
84.2343750000	-80.3177000000
84.2375000000	-80.3267000000
84.2406250000	-80.3295000000
84.2437500000	-80.3278000000
84.2468750000	-80.3236000000
84.2500000000	-80.3190000000
84.2531250000	-80.3161000000
84.2562500000	-80.3169000000
84.2593750000	-80.3228000000
84.2625000000	-80.3348000000
84.2656250000	-80.3531000000
84.2687500000	-80.3775000000
84.2718750000	-80.4076000000
84.2750000000	-80.4419000000
84.2781250000	-80.4789000000
84.2812500000	-80.5167000000
84.2843750000	-80.5532000000
84.2875000000	-80.5866000000
84.2906250000	-80.6149000000
84.2937500000	-80.6370000000
84.2968750000	-80.6518000000
84.3000000000	-80.6592000000
84.3031250000	-80.6594000000
84.3062500000	-80.6532000000
84.3093750000	-80.6417000000
84.3125000000	-80.6263000000
84.3156250000	-80.6083000000
84.3187500000	-80.5890000000
84.3218750000	-80.5697000000
84.3250000000	-80.5514000000
84.3281250000	-80.5350000000
84.3312500000	-80.5206000000
84.3343750000	-80.5088000000
84.3375000000	-80.4996000000
84.3406250000	-80.4929000000
84.3437500000	-80.4884000000
84.3468750000	-80.4857000000
84.3500000000	-80.4846000000
84.3531250000	-80.4846000000
84.3562500000	-80.4850000000
84.3593750000	-80.4854000000
84.3625000000	-80.4849000000
84.3656250000	-80.4829000000
84.3687500000	-80.4791000000
84.3718750000	-80.4730000000
84.3750000000	-80.4645000000
84.3781250000	-80.4537000000
84.3812500000	-80.4408000000
84.3843750000	-80.4259000000
84.3875000000	-80.4098000000
84.3906250000	-80.3931000000
84.3937500000	-80.3762000000
84.3968750000	-80.3597000000
84.4000000000	-80.3443000000
84.4031250000	-80.3303000000
84.4062500000	-80.3180000000
84.4093750000	-80.3076000000
84.4125000000	-80.2991000000
84.4156250000	-80.2924000000
84.4187500000	-80.2874000000
84.4218750000	-80.2838000000
84.4250000000	-80.2815000000
84.4281250000	-80.2799000000
84.4312500000	-80.2790000000
84.4343750000	-80.2787000000
84.4375000000	-80.2790000000
84.4406250000	-80.2796000000
84.4437500000	-80.2807000000
84.4468750000	-80.2825000000
84.4500000000	-80.2853000000
84.4531250000	-80.2891000000
84.4562500000	-80.2941000000
84.4593750000	-80.3003000000
84.4625000000	-80.3079000000
84.4656250000	-80.3166000000
84.4687500000	-80.3265000000
84.4718750000	-80.3375000000
84.4750000000	-80.3494000000
84.4781250000	-80.3623000000
84.4812500000	-80.3765000000
84.4843750000	-80.3921000000
84.4875000000	-80.4095000000
84.4906250000	-80.4287000000
84.4937500000	-80.4497000000
84.4968750000	-80.4723000000
84.5000000000	-80.4958000000
84.5031250000	-80.5193000000
84.5062500000	-80.5411000000
84.5093750000	-80.5592000000
84.5125000000	-80.5709000000
84.5156250000	-80.5737000000
84.5187500000	-80.5651000000
84.5218750000	-80.5432000000
84.5250000000	-80.5071000000
84.5281250000	-80.4568000000
84.5312500000	-80.3939000000
84.5343750000	-80.3208000000
84.5375000000	-80.2411000000
84.5406250000	-80.1592000000
84.5437500000	-80.0798000000
84.5468750000	-80.0076000000
84.5500000000	-79.9468000000
84.5531250000	-79.9009000000
84.5562500000	-79.8723000000
84.5593750000	-79.8622000000
84.5625000000	-79.8713000000
84.5656250000	-79.8995000000
84.5687500000	-79.9450000000
84.5718750000	-80.0052000000
84.5750000000	-80.0767000000
84.5781250000	-80.1556000000
84.5812500000	-80.2379000000
84.5843750000	-80.3194000000
84.5875000000	-80.3964000000
84.5906250000	-80.4653000000
84.5937500000	-80.5234000000
84.5968750000	-80.5693000000
84.6000000000	-80.6022000000
84.6031250000	-80.6227000000
84.6062500000	-80.6319000000
84.6093750000	-80.6318000000
84.6125000000	-80.6244000000
84.6156250000	-80.6122000000
84.6187500000	-80.5978000000
84.6218750000	-80.5830000000
84.6250000000	-80.5700000000
84.6281250000	-80.5601000000
84.6312500000	-80.5544000000
84.6343750000	-80.5535000000
84.6375000000	-80.5574000000
84.6406250000	-80.5661000000
84.6437500000	-80.5793000000
84.6468750000	-80.5963000000
84.6500000000	-80.6166000000
84.6531250000	-80.6392000000
84.6562500000	-80.6632000000
84.6593750000	-80.6878000000
84.6625000000	-80.7122000000
84.6656250000	-80.7356000000
84.6687500000	-80.7570000000
84.6718750000	-80.7756000000
84.6750000000	-80.7908000000
84.6781250000	-80.8016000000
84.6812500000	-80.8078000000
84.6843750000	-80.8091000000
84.6875000000	-80.8055000000
84.6906250000	-80.7974000000
84.6937500000	-80.7852000000
84.6968750000	-80.7698000000
84.7000000000	-80.7523000000
84.7031250000	-80.7339000000
84.7062500000	-80.7161000000
84.7093750000	-80.7003000000
84.7125000000	-80.6874000000
84.7156250000	-80.6782000000
84.7187500000	-80.6728000000
84.7218750000	-80.6706000000
84.7250000000	-80.6706000000
84.7281250000	-80.6709000000
84.7312500000	-80.6692000000
84.7343750000	-80.6625000000
84.7375000000	-80.6477000000
84.7406250000	-80.6216000000
84.7437500000	-80.5807000000
84.7468750000	-80.5222000000
84.7500000000	-80.4440000000
84.7531250000	-80.3446000000
84.7562500000	-80.2236000000
84.7593750000	-80.0816000000
84.7625000000	-79.9204000000
84.7656250000	-79.7427000000
84.7687500000	-79.5526000000
84.7718750000	-79.3551000000
84.7750000000	-79.1566000000
84.7781250000	-78.9637000000
84.7812500000	-78.7833000000
84.7843750000	-78.6220000000
84.7875000000	-78.4862000000
84.7906250000	-78.3812000000
84.7937500000	-78.3115000000
84.7968750000	-78.2799000000
84.8000000000	-78.2871000000
84.8031250000	-78.3329000000
84.8062500000	-78.4168000000
84.8093750000	-78.5366000000
84.8125000000	-78.6878000000
84.8156250000	-78.8645000000
84.8187500000	-79.0594000000
84.8218750000	-79.2647000000
84.8250000000	-79.4720000000
84.8281250000	-79.6733000000
84.8312500000	-79.8616000000
84.8343750000	-80.0313000000
84.8375000000	-80.1785000000
84.8406250000	-80.3014000000
84.8437500000	-80.4001000000
84.8468750000	-80.4758000000
84.8500000000	-80.5310000000
84.8531250000	-80.5682000000
84.8562500000	-80.5907000000
84.8593750000	-80.6016000000
84.8625000000	-80.6034000000
84.8656250000	-80.5986000000
84.8687500000	-80.5892000000
84.8718750000	-80.5771000000
84.8750000000	-80.5639000000
84.8781250000	-80.5510000000
84.8812500000	-80.5393000000
84.8843750000	-80.5297000000
84.8875000000	-80.5229000000
84.8906250000	-80.5194000000
84.8937500000	-80.5193000000
84.8968750000	-80.5224000000
84.9000000000	-80.5288000000
84.9031250000	-80.5383000000
84.9062500000	-80.5506000000
84.9093750000	-80.5653000000
84.9125000000	-80.5819000000
84.9156250000	-80.5998000000
84.9187500000	-80.6187000000
84.9218750000	-80.6377000000
84.9250000000	-80.6564000000
84.9281250000	-80.6738000000
84.9312500000	-80.6889000000
84.9343750000	-80.7009000000
84.9375000000	-80.7086000000
84.9406250000	-80.7113000000
84.9437500000	-80.7081000000
84.9468750000	-80.6987000000
84.9500000000	-80.6830000000
84.9531250000	-80.6610000000
84.9562500000	-80.6336000000
84.9593750000	-80.6017000000
84.9625000000	-80.5669000000
84.9656250000	-80.5305000000
84.9687500000	-80.4940000000
84.9718750000	-80.4587000000
84.9750000000	-80.4255000000
84.9781250000	-80.3949000000
84.9812500000	-80.3669000000
84.9843750000	-80.3412000000
84.9875000000	-80.3176000000
84.9906250000	-80.2956000000
84.9937500000	-80.2750000000
84.9968750000	-80.2559000000
85.0000000000	-80.2386000000
