75.0000000000	-79.7955000000
75.0031250000	-79.8154000000
75.0062500000	-79.8367000000
75.0093750000	-79.8587000000
75.0125000000	-79.8810000000
75.0156250000	-79.9028000000
75.0187500000	-79.9236000000
75.0218750000	-79.9426000000
75.0250000000	-79.9594000000
75.0281250000	-79.9737000000
75.0312500000	-79.9851000000
75.0343750000	-79.9936000000
75.0375000000	-79.9990000000
75.0406250000	-80.0013000000
75.0437500000	-80.0010000000
75.0468750000	-79.9984000000
75.0500000000	-79.9942000000
75.0531250000	-79.9893000000
75.0562500000	-79.9841000000
75.0593750000	-79.9791000000
75.0625000000	-79.9744000000
75.0656250000	-79.9702000000
75.0687500000	-79.9660000000
75.0718750000	-79.9615000000
75.0750000000	-79.9559000000
75.0781250000	-79.9484000000
75.0812500000	-79.9384000000
75.0843750000	-79.9251000000
75.0875000000	-79.9083000000
75.0906250000	-79.8878000000
75.0937500000	-79.8637000000
75.0968750000	-79.8367000000
75.1000000000	-79.8074000000
75.1031250000	-79.7770000000
75.1062500000	-79.7462000000
75.1093750000	-79.7163000000
75.1125000000	-79.6881000000
75.1156250000	-79.6622000000
75.1187500000	-79.6392000000
75.1218750000	-79.6193000000
75.1250000000	-79.6025000000
75.1281250000	-79.5889000000
75.1312500000	-79.5786000000
75.1343750000	-79.5714000000
75.1375000000	-79.5672000000
75.1406250000	-79.5654000000
75.1437500000	-79.5658000000
75.1468750000	-79.5677000000
75.1500000000	-79.5707000000
75.1531250000	-79.5737000000
75.1562500000	-79.5758000000
75.1593750000	-79.5760000000
75.1625000000	-79.5733000000
75.1656250000	-79.5671000000
75.1687500000	-79.5573000000
75.1718750000	-79.5440000000
75.1750000000	-79.5280000000
75.1781250000	-79.5107000000
75.1812500000	-79.4936000000
75.1843750000	-79.4785000000
75.1875000000	-79.4672000000
75.1906250000	-79.4612000000
75.1937500000	-79.4617000000
75.1968750000	-79.4688000000
75.2000000000	-79.4821000000
75.2031250000	-79.5007000000
75.2062500000	-79.5230000000
75.2093750000	-79.5474000000
75.2125000000	-79.5717000000
75.2156250000	-79.5940000000
75.2187500000	-79.6126000000
75.2218750000	-79.6263000000
75.2250000000	-79.6349000000
75.2281250000	-79.6384000000
75.2312500000	-79.6374000000
75.2343750000	-79.6331000000
75.2375000000	-79.6267000000
75.2406250000	-79.6197000000
75.2437500000	-79.6132000000
75.2468750000	-79.6082000000
75.2500000000	-79.6055000000
75.2531250000	-79.6057000000
75.2562500000	-79.6090000000
75.2593750000	-79.6153000000
75.2625000000	-79.6246000000
75.2656250000	-79.6367000000
75.2687500000	-79.6513000000
75.2718750000	-79.6678000000
75.2750000000	-79.6856000000
75.2781250000	-79.7041000000
75.2812500000	-79.7225000000
75.2843750000	-79.7400000000
75.2875000000	-79.7560000000
75.2906250000	-79.7696000000
75.2937500000	-79.7803000000
75.2968750000	-79.7878000000
75.3000000000	-79.7919000000
75.3031250000	-79.7927000000
75.3062500000	-79.7903000000
75.3093750000	-79.7852000000
75.3125000000	-79.7778000000
75.3156250000	-79.7685000000
75.3187500000	-79.7579000000
75.3218750000	-79.7466000000
75.3250000000	-79.7348000000
75.3281250000	-79.7229000000
75.3312500000	-79.7112000000
75.3343750000	-79.6996000000
75.3375000000	-79.6885000000
75.3406250000	-79.6779000000
75.3437500000	-79.6683000000
75.3468750000	-79.6601000000
75.3500000000	-79.6537000000
75.3531250000	-79.6496000000
75.3562500000	-79.6483000000
75.3593750000	-79.6503000000
75.3625000000	-79.6556000000
75.3656250000	-79.6647000000
75.3687500000	-79.6774000000
75.3718750000	-79.6933000000
75.3750000000	-79.7116000000
75.3781250000	-79.7312000000
75.3812500000	-79.7509000000
75.3843750000	-79.7690000000
75.3875000000	-79.7836000000
75.3906250000	-79.7928000000
75.3937500000	-79.7953000000
75.3968750000	-79.7896000000
75.4000000000	-79.7749000000
75.4031250000	-79.7505000000
75.4062500000	-79.7169000000
75.4093750000	-79.6749000000
75.4125000000	-79.6260000000
75.4156250000	-79.5723000000
75.4187500000	-79.5160000000
75.4218750000	-79.4597000000
75.4250000000	-79.4060000000
75.4281250000	-79.3574000000
75.4312500000	-79.3161000000
75.4343750000	-79.2839000000
75.4375000000	-79.2616000000
75.4406250000	-79.2496000000
75.4437500000	-79.2476000000
75.4468750000	-79.2546000000
75.4500000000	-79.2695000000
75.4531250000	-79.2904000000
75.4562500000	-79.3151000000
75.4593750000	-79.3413000000
75.4625000000	-79.3668000000
75.4656250000	-79.3901000000
75.4687500000	-79.4100000000
75.4718750000	-79.4263000000
75.4750000000	-79.4391000000
75.4781250000	-79.4494000000
75.4812500000	-79.4583000000
75.4843750000	-79.4671000000
75.4875000000	-79.4772000000
75.4906250000	-79.4899000000
75.4937500000	-79.5061000000
75.4968750000	-79.5264000000
75.5000000000	-79.5507000000
75.5031250000	-79.5788000000
75.5062500000	-79.6097000000
75.5093750000	-79.6424000000
75.5125000000	-79.6758000000
75.5156250000	-79.7086000000
75.5187500000	-79.7400000000
75.5218750000	-79.7691000000
75.5250000000	-79.7952000000
75.5281250000	-79.8181000000
75.5312500000	-79.8377000000
75.5343750000	-79.8541000000
75.5375000000	-79.8674000000
75.5406250000	-79.8776000000
75.5437500000	-79.8848000000
75.5468750000	-79.8894000000
75.5500000000	-79.8917000000
75.5531250000	-79.8917000000
75.5562500000	-79.8894000000
75.5593750000	-79.8850000000
75.5625000000	-79.8784000000
75.5656250000	-79.8698000000
75.5687500000	-79.8592000000
75.5718750000	-79.8467000000
75.5750000000	-79.8325000000
75.5781250000	-79.8168000000
75.5812500000	-79.8001000000
75.5843750000	-79.7828000000
75.5875000000	-79.7655000000
75.5906250000	-79.7487000000
75.5937500000	-79.7331000000
75.5968750000	-79.7192000000
75.6000000000	-79.7077000000
75.6031250000	-79.6992000000
75.6062500000	-79.6945000000
75.6093750000	-79.6941000000
75.6125000000	-79.6983000000
75.6156250000	-79.7070000000
75.6187500000	-79.7205000000
75.6218750000	-79.7385000000
75.6250000000	-79.7606000000
75.6281250000	-79.7860000000
75.6312500000	-79.8139000000
75.6343750000	-79.8433000000
75.6375000000	-79.8730000000
75.6406250000	-79.9019000000
75.6437500000	-79.9287000000
75.6468750000	-79.9522000000
75.6500000000	-79.9716000000
75.6531250000	-79.9861000000
75.6562500000	-79.9956000000
75.6593750000	-79.9999000000
75.6625000000	-79.9994000000
75.6656250000	-79.9946000000
75.6687500000	-79.9864000000
75.6718750000	-79.9753000000
75.6750000000	-79.9622000000
75.6781250000	-79.9477000000
75.6812500000	-79.9321000000
75.6843750000	-79.9158000000
75.6875000000	-79.8986000000
75.6906250000	-79.8807000000
75.6937500000	-79.8616000000
75.6968750000	-79.8415000000
75.7000000000	-79.8205000000
75.7031250000	-79.7988000000
75.7062500000	-79.7768000000
75.7093750000	-79.7552000000
75.7125000000	-79.7346000000
75.7156250000	-79.7158000000
75.7187500000	-79.6998000000
75.7218750000	-79.6870000000
75.7250000000	-79.6781000000
75.7281250000	-79.6731000000
75.7312500000	-79.6722000000
75.7343750000	-79.6749000000
75.7375000000	-79.6806000000
75.7406250000	-79.6888000000
75.7437500000	-79.6984000000
75.7468750000	-79.7083000000
75.7500000000	-79.7173000000
75.7531250000	-79.7245000000
75.7562500000	-79.7289000000
75.7593750000	-79.7300000000
75.7625000000	-79.7273000000
75.7656250000	-79.7206000000
75.7687500000	-79.7104000000
75.7718750000	-79.6971000000
75.7750000000	-79.6816000000
75.7781250000	-79.6648000000
75.7812500000	-79.6479000000
75.7843750000	-79.6323000000
75.7875000000	-79.6189000000
75.7906250000	-79.6085000000
75.7937500000	-79.6016000000
75.7968750000	-79.5981000000
75.8000000000	-79.5975000000
75.8031250000	-79.5989000000
75.8062500000	-79.6013000000
75.8093750000	-79.6038000000
75.8125000000	-79.6051000000
75.8156250000	-79.6043000000
75.8187500000	-79.6010000000
75.8218750000	-79.5949000000
75.8250000000	-79.5865000000
75.8281250000	-79.5764000000
75.8312500000	-79.5653000000
75.8343750000	-79.5543000000
75.8375000000	-79.5444000000
75.8406250000	-79.5364000000
75.8437500000	-79.5311000000
75.8468750000	-79.5283000000
75.8500000000	-79.5281000000
75.8531250000	-79.5301000000
75.8562500000	-79.5340000000
75.8593750000	-79.5392000000
75.8625000000	-79.5453000000
75.8656250000	-79.5519000000
75.8687500000	-79.5593000000
75.8718750000	-79.5674000000
75.8750000000	-79.5768000000
75.8781250000	-79.5876000000
75.8812500000	-79.6004000000
75.8843750000	-79.6152000000
75.8875000000	-79.6323000000
75.8906250000	-79.6516000000
75.8937500000	-79.6730000000
75.8968750000	-79.6959000000
75.9000000000	-79.7197000000
75.9031250000	-79.7436000000
75.9062500000	-79.7667000000
75.9093750000	-79.7881000000
75.9125000000	-79.8068000000
75.9156250000	-79.8221000000
75.9187500000	-79.8336000000
75.9218750000	-79.8408000000
75.9250000000	-79.8436000000
75.9281250000	-79.8420000000
75.9312500000	-79.8363000000
75.9343750000	-79.8266000000
75.9375000000	-79.8133000000
75.9406250000	-79.7969000000
75.9437500000	-79.7774000000
75.9468750000	-79.7552000000
75.9500000000	-79.7302000000
75.9531250000	-79.7026000000
75.9562500000	-79.6724000000
75.9593750000	-79.6397000000
75.9625000000	-79.6046000000
75.9656250000	-79.5671000000
75.9687500000	-79.5277000000
75.9718750000	-79.4870000000
75.9750000000	-79.4458000000
75.9781250000	-79.4052000000
75.9812500000	-79.3664000000
75.9843750000	-79.3308000000
75.9875000000	-79.2997000000
75.9906250000	-79.2745000000
75.9937500000	-79.2562000000
75.9968750000	-79.2454000000
76.0000000000	-79.2424000000
76.0031250000	-79.2469000000
76.0062500000	-79.2587000000
76.0093750000	-79.2770000000
76.0125000000	-79.3011000000
76.0156250000	-79.3297000000
76.0187500000	-79.3614000000
76.0218750000	-79.3950000000
76.0250000000	-79.4293000000
76.0281250000	-79.4635000000
76.0312500000	-79.4967000000
76.0343750000	-79.5288000000
76.0375000000	-79.5596000000
76.0406250000	-79.5893000000
76.0437500000	-79.6182000000
76.0468750000	-79.6464000000
76.0500000000	-79.6742000000
76.0531250000	-79.7014000000
76.0562500000	-79.7280000000
76.0593750000	-79.7535000000
76.0625000000	-79.7776000000
76.0656250000	-79.7993000000
76.0687500000	-79.8181000000
76.0718750000	-79.8330000000
76.0750000000	-79.8435000000
76.0781250000	-79.8489000000
76.0812500000	-79.8491000000
76.0843750000	-79.8443000000
76.0875000000	-79.8350000000
76.0906250000	-79.8221000000
76.0937500000	-79.8066000000
76.0968750000	-79.7899000000
76.1000000000	-79.7732000000
76.1031250000	-79.7577000000
76.1062500000	-79.7446000000
76.1093750000	-79.7346000000
76.1125000000	-79.7283000000
76.1156250000	-79.7256000000
76.1187500000	-79.7268000000
76.1218750000	-79.7312000000
76.1250000000	-79.7382000000
76.1281250000	-79.7470000000
76.1312500000	-79.7568000000
76.1343750000	-79.7668000000
76.1375000000	-79.7761000000
76.1406250000	-79.7841000000
76.1437500000	-79.7903000000
76.1468750000	-79.7945000000
76.1500000000	-79.7968000000
76.1531250000	-79.7974000000
76.1562500000	-79.7967000000
76.1593750000	-79.7955000000
76.1625000000	-79.7946000000
76.1656250000	-79.7948000000
76.1687500000	-79.7968000000
76.1718750000	-79.8011000000
76.1750000000	-79.8082000000
76.1781250000	-79.8180000000
76.1812500000	-79.8304000000
76.1843750000	-79.8448000000
76.1875000000	-79.8609000000
76.1906250000	-79.8779000000
76.1937500000	-79.8951000000
76.1968750000	-79.9117000000
76.2000000000	-79.9271000000
76.2031250000	-79.9409000000
76.2062500000	-79.9528000000
76.2093750000	-79.9625000000
76.2125000000	-79.9701000000
76.2156250000	-79.9757000000
76.2187500000	-79.9797000000
76.2218750000	-79.9824000000
76.2250000000	-79.9841000000
76.2281250000	-79.9852000000
76.2312500000	-79.9860000000
76.2343750000	-79.9867000000
76.2375000000	-79.9873000000
76.2406250000	-79.9876000000
76.2437500000	-79.9875000000
76.2468750000	-79.9864000000
76.2500000000	-79.9839000000
76.2531250000	-79.9796000000
76.2562500000	-79.9727000000
76.2593750000	-79.9629000000
76.2625000000	-79.9499000000
76.2656250000	-79.9338000000
76.2687500000	-79.9147000000
76.2718750000	-79.8932000000
76.2750000000	-79.8702000000
76.2781250000	-79.8466000000
76.2812500000	-79.8237000000
76.2843750000	-79.8025000000
76.2875000000	-79.7839000000
76.2906250000	-79.7682000000
76.2937500000	-79.7557000000
76.2968750000	-79.7458000000
76.3000000000	-79.7382000000
76.3031250000	-79.7320000000
76.3062500000	-79.7260000000
76.3093750000	-79.7190000000
76.3125000000	-79.7097000000
76.3156250000	-79.6973000000
76.3187500000	-79.6811000000
76.3218750000	-79.6610000000
76.3250000000	-79.6373000000
76.3281250000	-79.6106000000
76.3312500000	-79.5823000000
76.3343750000	-79.5543000000
76.3375000000	-79.5283000000
76.3406250000	-79.5062000000
76.3437500000	-79.4898000000
76.3468750000	-79.4809000000
76.3500000000	-79.4804000000
76.3531250000	-79.4889000000
76.3562500000	-79.5066000000
76.3593750000	-79.5328000000
76.3625000000	-79.5663000000
76.3656250000	-79.6054000000
76.3687500000	-79.6481000000
76.3718750000	-79.6920000000
76.3750000000	-79.7348000000
76.3781250000	-79.7745000000
76.3812500000	-79.8092000000
76.3843750000	-79.8378000000
76.3875000000	-79.8596000000
76.3906250000	-79.8747000000
76.3937500000	-79.8837000000
76.3968750000	-79.8874000000
76.4000000000	-79.8869000000
76.4031250000	-79.8836000000
76.4062500000	-79.8788000000
76.4093750000	-79.8736000000
76.4125000000	-79.8689000000
76.4156250000	-79.8652000000
76.4187500000	-79.8631000000
76.4218750000	-79.8627000000
76.4250000000	-79.8641000000
76.4281250000	-79.8670000000
76.4312500000	-79.8712000000
76.4343750000	-79.8761000000
76.4375000000	-79.8813000000
76.4406250000	-79.8860000000
76.4437500000	-79.8898000000
76.4468750000	-79.8919000000
76.4500000000	-79.8918000000
76.4531250000	-79.8888000000
76.4562500000	-79.8826000000
76.4593750000	-79.8730000000
76.4625000000	-79.8602000000
76.4656250000	-79.8446000000
76.4687500000	-79.8267000000
76.4718750000	-79.8076000000
76.4750000000	-79.7881000000
76.4781250000	-79.7696000000
76.4812500000	-79.7531000000
76.4843750000	-79.7398000000
76.4875000000	-79.7306000000
76.4906250000	-79.7259000000
76.4937500000	-79.7259000000
76.4968750000	-79.7306000000
76.5000000000	-79.7390000000
76.5031250000	-79.7502000000
76.5062500000	-79.7626000000
76.5093750000	-79.7746000000
76.5125000000	-79.7846000000
76.5156250000	-79.7908000000
76.5187500000	-79.7915000000
76.5218750000	-79.7857000000
76.5250000000	-79.7728000000
76.5281250000	-79.7526000000
76.5312500000	-79.7256000000
76.5343750000	-79.6927000000
76.5375000000	-79.6557000000
76.5406250000	-79.6162000000
76.5437500000	-79.5763000000
76.5468750000	-79.5378000000
76.5500000000	-79.5025000000
76.5531250000	-79.4718000000
76.5562500000	-79.4466000000
76.5593750000	-79.4274000000
76.5625000000	-79.4142000000
76.5656250000	-79.4068000000
76.5687500000	-79.4041000000
76.5718750000	-79.4051000000
76.5750000000	-79.4083000000
76.5781250000	-79.4124000000
76.5812500000	-79.4162000000
76.5843750000	-79.4191000000
76.5875000000	-79.4208000000
76.5906250000	-79.4217000000
76.5937500000	-79.4223000000
76.5968750000	-79.4237000000
76.6000000000	-79.4271000000
76.6031250000	-79.4335000000
76.6062500000	-79.4442000000
76.6093750000	-79.4597000000
76.6125000000	-79.4802000000
76.6156250000	-79.5057000000
76.6187500000	-79.5356000000
76.6218750000	-79.5689000000
76.6250000000	-79.6043000000
76.6281250000	-79.6405000000
76.6312500000	-79.6762000000
76.6343750000	-79.7105000000
76.6375000000	-79.7426000000
76.6406250000	-79.7722000000
76.6437500000	-79.7993000000
76.6468750000	-79.8241000000
76.6500000000	-79.8471000000
76.6531250000	-79.8689000000
76.6562500000	-79.8901000000
76.6593750000	-79.9112000000
76.6625000000	-79.9323000000
76.6656250000	-79.9534000000
76.6687500000	-79.9745000000
76.6718750000	-79.9951000000
76.6750000000	-80.0149000000
76.6781250000	-80.0335000000
76.6812500000	-80.0503000000
76.6843750000	-80.0650000000
76.6875000000	-80.0771000000
76.6906250000	-80.0862000000
76.6937500000	-80.0922000000
76.6968750000	-80.0945000000
76.7000000000	-80.0931000000
76.7031250000	-80.0880000000
76.7062500000	-80.0790000000
76.7093750000	-80.0664000000
76.7125000000	-80.0502000000
76.7156250000	-80.0308000000
76.7187500000	-80.0083000000
76.7218750000	-79.9829000000
76.7250000000	-79.9548000000
76.7281250000	-79.9240000000
76.7312500000	-79.8907000000
76.7343750000	-79.8552000000
76.7375000000	-79.8178000000
76.7406250000	-79.7787000000
76.7437500000	-79.7382000000
76.7468750000	-79.6968000000
76.7500000000	-79.6551000000
76.7531250000	-79.6142000000
76.7562500000	-79.5750000000
76.7593750000	-79.5389000000
76.7625000000	-79.5069000000
76.7656250000	-79.4802000000
76.7687500000	-79.4595000000
76.7718750000	-79.4454000000
76.7750000000	-79.4378000000
76.7781250000	-79.4363000000
76.7812500000	-79.4405000000
76.7843750000	-79.4494000000
76.7875000000	-79.4616000000
76.7906250000	-79.4759000000
76.7937500000	-79.4908000000
76.7968750000	-79.5049000000
76.8000000000	-79.5171000000
76.8031250000	-79.5263000000
76.8062500000	-79.5318000000
76.8093750000	-79.5331000000
76.8125000000	-79.5300000000
76.8156250000	-79.5224000000
76.8187500000	-79.5106000000
76.8218750000	-79.4948000000
76.8250000000	-79.4757000000
76.8281250000	-79.4539000000
76.8312500000	-79.4302000000
76.8343750000	-79.4057000000
76.8375000000	-79.3818000000
76.8406250000	-79.3597000000
76.8437500000	-79.3408000000
76.8468750000	-79.3267000000
76.8500000000	-79.3189000000
76.8531250000	-79.3188000000
76.8562500000	-79.3270000000
76.8593750000	-79.3441000000
76.8625000000	-79.3698000000
76.8656250000	-79.4032000000
76.8687500000	-79.4433000000
76.8718750000	-79.4881000000
76.8750000000	-79.5353000000
76.8781250000	-79.5819000000
76.8812500000	-79.6249000000
76.8843750000	-79.6614000000
76.8875000000	-79.6888000000
76.8906250000	-79.7052000000
76.8937500000	-79.7099000000
76.8968750000	-79.7028000000
76.9000000000	-79.6850000000
76.9031250000	-79.6585000000
76.9062500000	-79.6258000000
76.9093750000	-79.5897000000
76.9125000000	-79.5532000000
76.9156250000	-79.5187000000
76.9187500000	-79.4884000000
76.9218750000	-79.4638000000
76.9250000000	-79.4458000000
76.9281250000	-79.4350000000
76.9312500000	-79.4310000000
76.9343750000	-79.4334000000
76.9375000000	-79.4411000000
76.9406250000	-79.4532000000
76.9437500000	-79.4686000000
76.9468750000	-79.4861000000
76.9500000000	-79.5048000000
76.9531250000	-79.5238000000
76.9562500000	-79.5423000000
76.9593750000	-79.5598000000
76.9625000000	-79.5757000000
76.9656250000	-79.5900000000
76.9687500000	-79.6025000000
76.9718750000	-79.6133000000
76.9750000000	-79.6224000000
76.9781250000	-79.6299000000
76.9812500000	-79.6356000000
76.9843750000	-79.6393000000
76.9875000000	-79.6405000000
76.9906250000	-79.6390000000
76.9937500000	-79.6343000000
76.9968750000	-79.6258000000
77.0000000000	-79.6132000000
77.0031250000	-79.5965000000
77.0062500000	-79.5760000000
77.0093750000	-79.5525000000
77.0125000000	-79.5273000000
77.0156250000	-79.5017000000
77.0187500000	-79.4772000000
77.0218750000	-79.4555000000
77.0250000000	-79.4379000000
77.0281250000	-79.4254000000
77.0312500000	-79.4189000000
77.0343750000	-79.4181000000
77.0375000000	-79.4227000000
77.0406250000	-79.4318000000
77.0437500000	-79.4441000000
77.0468750000	-79.4582000000
77.0500000000	-79.4725000000
77.0531250000	-79.4856000000
77.0562500000	-79.4963000000
77.0593750000	-79.5037000000
77.0625000000	-79.5070000000
77.0656250000	-79.5056000000
77.0687500000	-79.4992000000
77.0718750000	-79.4875000000
77.0750000000	-79.4703000000
77.0781250000	-79.4478000000
77.0812500000	-79.4202000000
77.0843750000	-79.3879000000
77.0875000000	-79.3516000000
77.0906250000	-79.3127000000
77.0937500000	-79.2726000000
77.0968750000	-79.2330000000
77.1000000000	-79.1958000000
77.1031250000	-79.1628000000
77.1062500000	-79.1361000000
77.1093750000	-79.1175000000
77.1125000000	-79.1084000000
77.1156250000	-79.1098000000
77.1187500000	-79.1223000000
77.1218750000	-79.1460000000
77.1250000000	-79.1805000000
77.1281250000	-79.2248000000
77.1312500000	-79.2772000000
77.1343750000	-79.3357000000
77.1375000000	-79.3980000000
77.1406250000	-79.4614000000
77.1437500000	-79.5233000000
77.1468750000	-79.5811000000
77.1500000000	-79.6320000000
77.1531250000	-79.6738000000
77.1562500000	-79.7046000000
77.1593750000	-79.7234000000
77.1625000000	-79.7296000000
77.1656250000	-79.7233000000
77.1687500000	-79.7053000000
77.1718750000	-79.6767000000
77.1750000000	-79.6394000000
77.1781250000	-79.5952000000
77.1812500000	-79.5461000000
77.1843750000	-79.4943000000
77.1875000000	-79.4418000000
77.1906250000	-79.3904000000
77.1937500000	-79.3416000000
77.1968750000	-79.2965000000
77.2000000000	-79.2560000000
77.2031250000	-79.2204000000
77.2062500000	-79.1903000000
77.2093750000	-79.1656000000
77.2125000000	-79.1464000000
77.2156250000	-79.1326000000
77.2187500000	-79.1238000000
77.2218750000	-79.1197000000
77.2250000000	-79.1197000000
77.2281250000	-79.1232000000
77.2312500000	-79.1297000000
77.2343750000	-79.1381000000
77.2375000000	-79.1475000000
77.2406250000	-79.1564000000
77.2437500000	-79.1636000000
77.2468750000	-79.1675000000
77.2500000000	-79.1666000000
77.2531250000	-79.1593000000
77.2562500000	-79.1445000000
77.2593750000	-79.1213000000
77.2625000000	-79.0896000000
77.2656250000	-79.0496000000
77.2687500000	-79.0026000000
77.2718750000	-78.9503000000
77.2750000000	-78.8950000000
77.2781250000	-78.8395000000
77.2812500000	-78.7868000000
77.2843750000	-78.7398000000
77.2875000000	-78.7013000000
77.2906250000	-78.6734000000
77.2937500000	-78.6578000000
77.2968750000	-78.6546000000
77.3000000000	-78.6635000000
77.3031250000	-78.6836000000
77.3062500000	-78.7137000000
77.3093750000	-78.7512000000
77.3125000000	-78.7935000000
77.3156250000	-78.8373000000
77.3187500000	-78.8799000000
77.3218750000	-78.9187000000
77.3250000000	-78.9518000000
77.3281250000	-78.9781000000
77.3312500000	-78.9969000000
77.3343750000	-79.0085000000
77.3375000000	-79.0135000000
77.3406250000	-79.0129000000
77.3437500000	-79.0077000000
77.3468750000	-78.9994000000
77.3500000000	-78.9892000000
77.3531250000	-78.9782000000
77.3562500000	-78.9676000000
77.3593750000	-78.9582000000
77.3625000000	-78.9510000000
77.3656250000	-78.9465000000
77.3687500000	-78.9455000000
77.3718750000	-78.9483000000
77.3750000000	-78.9553000000
77.3781250000	-78.9669000000
77.3812500000	-78.9834000000
77.3843750000	-79.0047000000
77.3875000000	-79.0307000000
77.3906250000	-79.0611000000
77.3937500000	-79.0952000000
77.3968750000	-79.1324000000
77.4000000000	-79.1718000000
77.4031250000	-79.2122000000
77.4062500000	-79.2524000000
77.4093750000	-79.2909000000
77.4125000000	-79.3263000000
77.4156250000	-79.3568000000
77.4187500000	-79.3810000000
77.4218750000	-79.3976000000
77.4250000000	-79.4056000000
77.4281250000	-79.4046000000
77.4312500000	-79.3943000000
77.4343750000	-79.3754000000
77.4375000000	-79.3485000000
77.4406250000	-79.3148000000
77.4437500000	-79.2751000000
77.4468750000	-79.2305000000
77.4500000000	-79.1821000000
77.4531250000	-79.1307000000
77.4562500000	-79.0769000000
77.4593750000	-79.0214000000
77.4625000000	-78.9647000000
77.4656250000	-78.9076000000
77.4687500000	-78.8511000000
77.4718750000	-78.7966000000
77.4750000000	-78.7458000000
77.4781250000	-78.7002000000
77.4812500000	-78.6620000000
77.4843750000	-78.6330000000
77.4875000000	-78.6146000000
77.4906250000	-78.6075000000
77.4937500000	-78.6119000000
77.4968750000	-78.6280000000
77.5000000000	-78.6551000000
77.5031250000	-78.6920000000
77.5062500000	-78.7366000000
77.5093750000	-78.7868000000
77.5125000000	-78.8400000000
77.5156250000	-78.8937000000
77.5187500000	-78.9459000000
77.5218750000	-78.9950000000
77.5250000000	-79.0398000000
77.5281250000	-79.0794000000
77.5312500000	-79.1136000000
77.5343750000	-79.1425000000
77.5375000000	-79.1665000000
77.5406250000	-79.1861000000
77.5437500000	-79.2016000000
77.5468750000	-79.2131000000
77.5500000000	-79.2207000000
77.5531250000	-79.2242000000
77.5562500000	-79.2229000000
77.5593750000	-79.2161000000
77.5625000000	-79.2029000000
77.5656250000	-79.1828000000
77.5687500000	-79.1553000000
77.5718750000	-79.1204000000
77.5750000000	-79.0787000000
77.5781250000	-79.0316000000
77.5812500000	-78.9808000000
77.5843750000	-78.9283000000
77.5875000000	-78.8768000000
77.5906250000	-78.8284000000
77.5937500000	-78.7858000000
77.5968750000	-78.7509000000
77.6000000000	-78.7254000000
77.6031250000	-78.7105000000
77.6062500000	-78.7071000000
77.6093750000	-78.7156000000
77.6125000000	-78.7355000000
77.6156250000	-78.7660000000
77.6187500000	-78.8060000000
77.6218750000	-78.8539000000
77.6250000000	-78.9079000000
77.6281250000	-78.9660000000
77.6312500000	-79.0258000000
77.6343750000	-79.0846000000
77.6375000000	-79.1394000000
77.6406250000	-79.1872000000
77.6437500000	-79.2247000000
77.6468750000	-79.2492000000
77.6500000000	-79.2581000000
77.6531250000	-79.2498000000
77.6562500000	-79.2235000000
77.6593750000	-79.1796000000
77.6625000000	-79.1198000000
77.6656250000	-79.0470000000
77.6687500000	-78.9653000000
77.6718750000	-78.8792000000
77.6750000000	-78.7935000000
77.6781250000	-78.7129000000
77.6812500000	-78.6413000000
77.6843750000	-78.5820000000
77.6875000000	-78.5367000000
77.6906250000	-78.5057000000
77.6937500000	-78.4888000000
77.6968750000	-78.4841000000
77.7000000000	-78.4888000000
77.7031250000	-78.4990000000
77.7062500000	-78.5106000000
77.7093750000	-78.5195000000
77.7125000000	-78.5224000000
77.7156250000	-78.5172000000
77.7187500000	-78.5034000000
77.7218750000	-78.4820000000
77.7250000000	-78.4553000000
77.7281250000	-78.4271000000
77.7312500000	-78.4016000000
77.7343750000	-78.3828000000
77.7375000000	-78.3745000000
77.7406250000	-78.3794000000
77.7437500000	-78.3990000000
77.7468750000	-78.4341000000
77.7500000000	-78.4843000000
77.7531250000	-78.5475000000
77.7562500000	-78.6209000000
77.7593750000	-78.7006000000
77.7625000000	-78.7826000000
77.7656250000	-78.8627000000
77.7687500000	-78.9373000000
77.7718750000	-79.0036000000
77.7750000000	-79.0598000000
77.7781250000	-79.1051000000
77.7812500000	-79.1397000000
77.7843750000	-79.1647000000
77.7875000000	-79.1817000000
77.7906250000	-79.1926000000
77.7937500000	-79.1987000000
77.7968750000	-79.2018000000
77.8000000000	-79.2027000000
77.8031250000	-79.2020000000
77.8062500000	-79.1996000000
77.8093750000	-79.1952000000
77.8125000000	-79.1881000000
77.8156250000	-79.1780000000
77.8187500000	-79.1643000000
77.8218750000	-79.1466000000
77.8250000000	-79.1251000000
77.8281250000	-79.0999000000
77.8312500000	-79.0717000000
77.8343750000	-79.0414000000
77.8375000000	-79.0102000000
77.8406250000	-78.9793000000
77.8437500000	-78.9500000000
77.8468750000	-78.9233000000
77.8500000000	-78.9001000000
77.8531250000	-78.8810000000
77.8562500000	-78.8664000000
77.8593750000	-78.8566000000
77.8625000000	-78.8519000000
77.8656250000	-78.8521000000
77.8687500000	-78.8571000000
77.8718750000	-78.8664000000
77.8750000000	-78.8797000000
77.8781250000	-78.8965000000
77.8812500000	-78.9160000000
77.8843750000	-78.9376000000
77.8875000000	-78.9603000000
77.8906250000	-78.9829000000
77.8937500000	-79.0043000000
77.8968750000	-79.0230000000
77.9000000000	-79.0375000000
77.9031250000	-79.0466000000
77.9062500000	-79.0489000000
77.9093750000	-79.0435000000
77.9125000000	-79.0299000000
77.9156250000	-79.0079000000
77.9187500000	-78.9778000000
77.9218750000	-78.9405000000
77.9250000000	-78.8972000000
77.9281250000	-78.8493000000
77.9312500000	-78.7982000000
77.9343750000	-78.7452000000
77.9375000000	-78.6915000000
77.9406250000	-78.6376000000
77.9437500000	-78.5834000000
77.9468750000	-78.5280000000
77.9500000000	-78.4701000000
77.9531250000	-78.4083000000
77.9562500000	-78.3413000000
77.9593750000	-78.2679000000
77.9625000000	-78.1879000000
77.9656250000	-78.1017000000
77.9687500000	-78.0113000000
77.9718750000	-77.9193000000
77.9750000000	-77.8297000000
77.9781250000	-77.7469000000
77.9812500000	-77.6753000000
77.9843750000	-77.6194000000
77.9875000000	-77.5824000000
77.9906250000	-77.5669000000
77.9937500000	-77.5738000000
77.9968750000	-77.6038000000
78.0000000000	-77.6562000000
78.0031250000	-77.7290000000
78.0062500000	-77.8189000000
78.0093750000	-77.9217000000
78.0125000000	-78.0325000000
78.0156250000	-78.1463000000
78.0187500000	-78.2583000000
78.0218750000	-78.3643000000
78.0250000000	-78.4610000000
78.0281250000	-78.5455000000
78.0312500000	-78.6163000000
78.0343750000	-78.6728000000
78.0375000000	-78.7149000000
78.0406250000	-78.7437000000
78.0437500000	-78.7603000000
78.0468750000	-78.7665000000
78.0500000000	-78.7637000000
78.0531250000	-78.7537000000
78.0562500000	-78.7383000000
78.0593750000	-78.7193000000
78.0625000000	-78.6979000000
78.0656250000	-78.6756000000
78.0687500000	-78.6534000000
78.0718750000	-78.6319000000
78.0750000000	-78.6116000000
78.0781250000	-78.5925000000
78.0812500000	-78.5745000000
78.0843750000	-78.5571000000
78.0875000000	-78.5400000000
78.0906250000	-78.5225000000
78.0937500000	-78.5042000000
78.0968750000	-78.4850000000
78.1000000000	-78.4647000000
78.1031250000	-78.4437000000
78.1062500000	-78.4224000000
78.1093750000	-78.4018000000
78.1125000000	-78.3827000000
78.1156250000	-78.3661000000
78.1187500000	-78.3528000000
78.1218750000	-78.3438000000
78.1250000000	-78.3393000000
78.1281250000	-78.3397000000
78.1312500000	-78.3448000000
78.1343750000	-78.3544000000
78.1375000000	-78.3679000000
78.1406250000	-78.3844000000
78.1437500000	-78.4029000000
78.1468750000	-78.4225000000
78.1500000000	-78.4423000000
78.1531250000	-78.4616000000
78.1562500000	-78.4797000000
78.1593750000	-78.4964000000
78.1625000000	-78.5114000000
78.1656250000	-78.5246000000
78.1687500000	-78.5361000000
78.1718750000	-78.5460000000
78.1750000000	-78.5541000000
78.1781250000	-78.5598000000
78.1812500000	-78.5624000000
78.1843750000	-78.5607000000
78.1875000000	-78.5528000000
78.1906250000	-78.5369000000
78.1937500000	-78.5102000000
78.1968750000	-78.4703000000
78.2000000000	-78.4145000000
78.2031250000	-78.3412000000
78.2062500000	-78.2491000000
78.2093750000	-78.1385000000
78.2125000000	-78.0109000000
78.2156250000	-77.8699000000
78.2187500000	-77.7202000000
78.2218750000	-77.5674000000
78.2250000000	-77.4181000000
78.2281250000	-77.2788000000
78.2312500000	-77.1558000000
78.2343750000	-77.0547000000
78.2375000000	-76.9795000000
78.2406250000	-76.9329000000
78.2437500000	-76.9153000000
78.2468750000	-76.9261000000
78.2500000000	-76.9643000000
78.2531250000	-77.0267000000
78.2562500000	-77.1086000000
78.2593750000	-77.2038000000
78.2625000000	-77.3054000000
78.2656250000	-77.4061000000
78.2687500000	-77.4992000000
78.2718750000	-77.5785000000
78.2750000000	-77.6395000000
78.2781250000	-77.6796000000
78.2812500000	-77.6983000000
78.2843750000	-77.6971000000
78.2875000000	-77.6792000000
78.2906250000	-77.6488000000
78.2937500000	-77.6110000000
78.2968750000	-77.5708000000
78.3000000000	-77.5330000000
78.3031250000	-77.5016000000
78.3062500000	-77.4794000000
78.3093750000	-77.4685000000
78.3125000000	-77.4700000000
78.3156250000	-77.4843000000
78.3187500000	-77.5105000000
78.3218750000	-77.5469000000
78.3250000000	-77.5911000000
78.3281250000	-77.6405000000
78.3312500000	-77.6921000000
78.3343750000	-77.7431000000
78.3375000000	-77.7909000000
78.3406250000	-77.8331000000
78.3437500000	-77.8680000000
78.3468750000	-77.8944000000
78.3500000000	-77.9115000000
78.3531250000	-77.9188000000
78.3562500000	-77.9161000000
78.3593750000	-77.9034000000
78.3625000000	-77.8808000000
78.3656250000	-77.8488000000
78.3687500000	-77.8077000000
78.3718750000	-77.7586000000
78.3750000000	-77.7028000000
78.3781250000	-77.6421000000
78.3812500000	-77.5787000000
78.3843750000	-77.5150000000
78.3875000000	-77.4540000000
78.3906250000	-77.3985000000
78.3937500000	-77.3511000000
78.3968750000	-77.3140000000
78.4000000000	-77.2888000000
78.4031250000	-77.2764000000
78.4062500000	-77.2769000000
78.4093750000	-77.2898000000
78.4125000000	-77.3138000000
78.4156250000	-77.3471000000
78.4187500000	-77.3867000000
78.4218750000	-77.4297000000
78.4250000000	-77.4732000000
78.4281250000	-77.5138000000
78.4312500000	-77.5488000000
78.4343750000	-77.5751000000
78.4375000000	-77.5898000000
78.4406250000	-77.5905000000
78.4437500000	-77.5746000000
78.4468750000	-77.5398000000
78.4500000000	-77.4844000000
78.4531250000	-77.4071000000
78.4562500000	-77.3076000000
78.4593750000	-77.1869000000
78.4625000000	-77.0471000000
78.4656250000	-76.8924000000
78.4687500000	-76.7279000000
78.4718750000	-76.5602000000
78.4750000000	-76.3964000000
78.4781250000	-76.2436000000
78.4812500000	-76.1087000000
78.4843750000	-75.9977000000
78.4875000000	-75.9151000000
78.4906250000	-75.8642000000
78.4937500000	-75.8461000000
78.4968750000	-75.8605000000
78.5000000000	-75.9068000000
78.5031250000	-75.9827000000
78.5062500000	-76.0842000000
78.5093750000	-76.2058000000
78.5125000000	-76.3412000000
78.5156250000	-76.4839000000
78.5187500000	-76.6273000000
78.5218750000	-76.7654000000
78.5250000000	-76.8934000000
78.5281250000	-77.0080000000
78.5312500000	-77.1069000000
78.5343750000	-77.1896000000
78.5375000000	-77.2564000000
78.5406250000	-77.3083000000
78.5437500000	-77.3469000000
78.5468750000	-77.3742000000
78.5500000000	-77.3917000000
78.5531250000	-77.4008000000
78.5562500000	-77.4026000000
78.5593750000	-77.3984000000
78.5625000000	-77.3892000000
78.5656250000	-77.3763000000
78.5687500000	-77.3605000000
78.5718750000	-77.3427000000
78.5750000000	-77.3241000000
78.5781250000	-77.3053000000
78.5812500000	-77.2871000000
78.5843750000	-77.2699000000
78.5875000000	-77.2538000000
78.5906250000	-77.2385000000
78.5937500000	-77.2239000000
78.5968750000	-77.2094000000
78.6000000000	-77.1944000000
78.6031250000	-77.1783000000
78.6062500000	-77.1606000000
78.6093750000	-77.1408000000
78.6125000000	-77.1188000000
78.6156250000	-77.0946000000
78.6187500000	-77.0682000000
78.6218750000	-77.0398000000
78.6250000000	-77.0097000000
78.6281250000	-76.9784000000
78.6312500000	-76.9466000000
78.6343750000	-76.9146000000
78.6375000000	-76.8830000000
78.6406250000	-76.8524000000
78.6437500000	-76.8235000000
78.6468750000	-76.7969000000
78.6500000000	-76.7732000000
78.6531250000	-76.7530000000
78.6562500000	-76.7368000000
78.6593750000	-76.7252000000
78.6625000000	-76.7185000000
78.6656250000	-76.7168000000
78.6687500000	-76.7202000000
78.6718750000	-76.7282000000
78.6750000000	-76.7405000000
78.6781250000	-76.7558000000
78.6812500000	-76.7727000000
78.6843750000	-76.7894000000
78.6875000000	-76.8033000000
78.6906250000	-76.8110000000
78.6937500000	-76.8093000000
78.6968750000	-76.7942000000
78.7000000000	-76.7621000000
78.7031250000	-76.7098000000
78.7062500000	-76.6350000000
78.7093750000	-76.5369000000
78.7125000000	-76.4164000000
78.7156250000	-76.2763000000
78.7187500000	-76.1214000000
78.7218750000	-75.9581000000
78.7250000000	-75.7936000000
78.7281250000	-75.6355000000
78.7312500000	-75.4910000000
78.7343750000	-75.3669000000
78.7375000000	-75.2688000000
78.7406250000	-75.2006000000
78.7437500000	-75.1643000000
78.7468750000	-75.1603000000
78.7500000000	-75.1882000000
78.7531250000	-75.2467000000
78.7562500000	-75.3322000000
78.7593750000	-75.4398000000
78.7625000000	-75.5633000000
78.7656250000	-75.6959000000
78.7687500000	-75.8303000000
78.7718750000	-75.9594000000
78.7750000000	-76.0771000000
78.7781250000	-76.1781000000
78.7812500000	-76.2589000000
78.7843750000	-76.3176000000
78.7875000000	-76.3538000000
78.7906250000	-76.3688000000
78.7937500000	-76.3649000000
78.7968750000	-76.3450000000
78.8000000000	-76.3124000000
78.8031250000	-76.2702000000
78.8062500000	-76.2216000000
78.8093750000	-76.1695000000
78.8125000000	-76.1165000000
78.8156250000	-76.0643000000
78.8187500000	-76.0145000000
78.8218750000	-75.9681000000
78.8250000000	-75.9256000000
78.8281250000	-75.8871000000
78.8312500000	-75.8523000000
78.8343750000	-75.8208000000
78.8375000000	-75.7919000000
78.8406250000	-75.7648000000
78.8437500000	-75.7388000000
78.8468750000	-75.7133000000
78.8500000000	-75.6879000000
78.8531250000	-75.6626000000
78.8562500000	-75.6373000000
78.8593750000	-75.6124000000
78.8625000000	-75.5884000000
78.8656250000	-75.5659000000
78.8687500000	-75.5455000000
78.8718750000	-75.5277000000
78.8750000000	-75.5128000000
78.8781250000	-75.5008000000
78.8812500000	-75.4915000000
78.8843750000	-75.4844000000
78.8875000000	-75.4790000000
78.8906250000	-75.4744000000
78.8937500000	-75.4698000000
78.8968750000	-75.4640000000
78.9000000000	-75.4559000000
78.9031250000	-75.4446000000
78.9062500000	-75.4293000000
78.9093750000	-75.4094000000
78.9125000000	-75.3844000000
78.9156250000	-75.3541000000
78.9187500000	-75.3185000000
78.9218750000	-75.2779000000
78.9250000000	-75.2325000000
78.9281250000	-75.1829000000
78.9312500000	-75.1297000000
78.9343750000	-75.0732000000
78.9375000000	-75.0133000000
78.9406250000	-74.9500000000
78.9437500000	-74.8827000000
78.9468750000	-74.8107000000
78.9500000000	-74.7329000000
78.9531250000	-74.6480000000
78.9562500000	-74.5552000000
78.9593750000	-74.4535000000
78.9625000000	-74.3429000000
78.9656250000	-74.2242000000
78.9687500000	-74.0993000000
78.9718750000	-73.9713000000
78.9750000000	-73.8439000000
78.9781250000	-73.7214000000
78.9812500000	-73.6085000000
78.9843750000	-73.5095000000
78.9875000000	-73.4284000000
78.9906250000	-73.3682000000
78.9937500000	-73.3305000000
78.9968750000	-73.3155000000
79.0000000000	-73.3223000000
79.0031250000	-73.3496000000
79.0062500000	-73.3945000000
79.0093750000	-73.4530000000
79.0125000000	-73.5200000000
79.0156250000	-73.5901000000
79.0187500000	-73.6581000000
79.0218750000	-73.7194000000
79.0250000000	-73.7706000000
79.0281250000	-73.8093000000
79.0312500000	-73.8346000000
79.0343750000	-73.8468000000
79.0375000000	-73.8473000000
79.0406250000	-73.8379000000
79.0437500000	-73.8209000000
79.0468750000	-73.7988000000
79.0500000000	-73.7737000000
79.0531250000	-73.7476000000
79.0562500000	-73.7217000000
79.0593750000	-73.6970000000
79.0625000000	-73.6737000000
79.0656250000	-73.6519000000
79.0687500000	-73.6313000000
79.0718750000	-73.6115000000
79.0750000000	-73.5917000000
79.0781250000	-73.5715000000
79.0812500000	-73.5502000000
79.0843750000	-73.5277000000
79.0875000000	-73.5038000000
79.0906250000	-73.4784000000
79.0937500000	-73.4518000000
79.0968750000	-73.4243000000
79.1000000000	-73.3962000000
79.1031250000	-73.3681000000
79.1062500000	-73.3403000000
79.1093750000	-73.3133000000
79.1125000000	-73.2870000000
79.1156250000	-73.2613000000
79.1187500000	-73.2360000000
79.1218750000	-73.2103000000
79.1250000000	-73.1837000000
79.1281250000	-73.1557000000
79.1312500000	-73.1257000000
79.1343750000	-73.0933000000
79.1375000000	-73.0583000000
79.1406250000	-73.0207000000
79.1437500000	-72.9808000000
79.1468750000	-72.9390000000
79.1500000000	-72.8959000000
79.1531250000	-72.8516000000
79.1562500000	-72.8067000000
79.1593750000	-72.7614000000
79.1625000000	-72.7159000000
79.1656250000	-72.6702000000
79.1687500000	-72.6239000000
79.1718750000	-72.5770000000
79.1750000000	-72.5292000000
79.1781250000	-72.4802000000
79.1812500000	-72.4299000000
79.1843750000	-72.3782000000
79.1875000000	-72.3251000000
79.1906250000	-72.2703000000
79.1937500000	-72.2137000000
79.1968750000	-72.1546000000
79.2000000000	-72.0922000000
79.2031250000	-72.0256000000
79.2062500000	-71.9537000000
79.2093750000	-71.8755000000
79.2125000000	-71.7898000000
79.2156250000	-71.6961000000
79.2187500000	-71.5948000000
79.2218750000	-71.4870000000
79.2250000000	-71.3749000000
79.2281250000	-71.2614000000
79.2312500000	-71.1499000000
79.2343750000	-71.0441000000
79.2375000000	-70.9476000000
79.2406250000	-70.8637000000
79.2437500000	-70.7950000000
79.2468750000	-70.7427000000
79.2500000000	-70.7074000000
79.2531250000	-70.6893000000
79.2562500000	-70.6875000000
79.2593750000	-70.7000000000
79.2625000000	-70.7239000000
79.2656250000	-70.7562000000
79.2687500000	-70.7933000000
79.2718750000	-70.8316000000
79.2750000000	-70.8680000000
79.2781250000	-70.8994000000
79.2812500000	-70.9230000000
79.2843750000	-70.9369000000
79.2875000000	-70.9393000000
79.2906250000	-70.9291000000
79.2937500000	-70.9056000000
79.2968750000	-70.8686000000
79.3000000000	-70.8185000000
79.3031250000	-70.7563000000
79.3062500000	-70.6834000000
79.3093750000	-70.6014000000
79.3125000000	-70.5123000000
79.3156250000	-70.4180000000
79.3187500000	-70.3208000000
79.3218750000	-70.2221000000
79.3250000000	-70.1236000000
79.3281250000	-70.0263000000
79.3312500000	-69.9309000000
79.3343750000	-69.8378000000
79.3375000000	-69.7468000000
79.3406250000	-69.6575000000
79.3437500000	-69.5694000000
79.3468750000	-69.4819000000
79.3500000000	-69.3944000000
79.3531250000	-69.3063000000
79.3562500000	-69.2175000000
79.3593750000	-69.1281000000
79.3625000000	-69.0384000000
79.3656250000	-68.9490000000
79.3687500000	-68.8608000000
79.3718750000	-68.7745000000
79.3750000000	-68.6913000000
79.3781250000	-68.6124000000
79.3812500000	-68.5392000000
79.3843750000	-68.4730000000
79.3875000000	-68.4149000000
79.3906250000	-68.3658000000
79.3937500000	-68.3263000000
79.3968750000	-68.2966000000
79.4000000000	-68.2763000000
79.4031250000	-68.2648000000
79.4062500000	-68.2612000000
79.4093750000	-68.2643000000
79.4125000000	-68.2721000000
79.4156250000	-68.2825000000
79.4187500000	-68.2931000000
79.4218750000	-68.3013000000
79.4250000000	-68.3047000000
79.4281250000	-68.3010000000
79.4312500000	-68.2881000000
79.4343750000	-68.2643000000
79.4375000000	-68.2286000000
79.4406250000	-68.1807000000
79.4437500000	-68.1205000000
79.4468750000	-68.0488000000
79.4500000000	-67.9667000000
79.4531250000	-67.8756000000
79.4562500000	-67.7772000000
79.4593750000	-67.6735000000
79.4625000000	-67.5662000000
79.4656250000	-67.4570000000
79.4687500000	-67.3473000000
79.4718750000	-67.2386000000
79.4750000000	-67.1320000000
79.4781250000	-67.0282000000
79.4812500000	-66.9278000000
79.4843750000	-66.8311000000
79.4875000000	-66.7381000000
79.4906250000	-66.6486000000
79.4937500000	-66.5621000000
79.4968750000	-66.4779000000
79.5000000000	-66.3952000000
79.5031250000	-66.3134000000
79.5062500000	-66.2321000000
79.5093750000	-66.1507000000
79.5125000000	-66.0686000000
79.5156250000	-65.9853000000
79.5187500000	-65.9005000000
79.5218750000	-65.8138000000
79.5250000000	-65.7250000000
79.5281250000	-65.6335000000
79.5312500000	-65.5392000000
79.5343750000	-65.4419000000
79.5375000000	-65.3414000000
79.5406250000	-65.2381000000
79.5437500000	-65.1321000000
79.5468750000	-65.0242000000
79.5500000000	-64.9150000000
79.5531250000	-64.8057000000
79.5562500000	-64.6971000000
79.5593750000	-64.5904000000
79.5625000000	-64.4865000000
79.5656250000	-64.3856000000
79.5687500000	-64.2877000000
79.5718750000	-64.1925000000
79.5750000000	-64.0989000000
79.5781250000	-64.0053000000
79.5812500000	-63.9098000000
79.5843750000	-63.8105000000
79.5875000000	-63.7051000000
79.5906250000	-63.5917000000
79.5937500000	-63.4691000000
79.5968750000	-63.3363000000
79.6000000000	-63.1934000000
79.6031250000	-63.0408000000
79.6062500000	-62.8801000000
79.6093750000	-62.7130000000
79.6125000000	-62.5417000000
79.6156250000	-62.3688000000
79.6187500000	-62.1964000000
79.6218750000	-62.0262000000
79.6250000000	-61.8599000000
79.6281250000	-61.6987000000
79.6312500000	-61.5433000000
79.6343750000	-61.3939000000
79.6375000000	-61.2499000000
79.6406250000	-61.1108000000
79.6437500000	-60.9754000000
79.6468750000	-60.8426000000
79.6500000000	-60.7109000000
79.6531250000	-60.5789000000
79.6562500000	-60.4451000000
79.6593750000	-60.3082000000
79.6625000000	-60.1667000000
79.6656250000	-60.0191000000
79.6687500000	-59.8644000000
79.6718750000	-59.7014000000
79.6750000000	-59.5293000000
79.6781250000	-59.3477000000
79.6812500000	-59.1564000000
79.6843750000	-58.9555000000
79.6875000000	-58.7454000000
79.6906250000	-58.5271000000
79.6937500000	-58.3020000000
79.6968750000	-58.0715000000
79.7000000000	-57.8372000000
79.7031250000	-57.6009000000
79.7062500000	-57.3640000000
79.7093750000	-57.1280000000
79.7125000000	-56.8939000000
79.7156250000	-56.6625000000
79.7187500000	-56.4341000000
79.7218750000	-56.2086000000
79.7250000000	-55.9857000000
79.7281250000	-55.7641000000
79.7312500000	-55.5426000000
79.7343750000	-55.3196000000
79.7375000000	-55.0935000000
79.7406250000	-54.8629000000
79.7437500000	-54.6264000000
79.7468750000	-54.3825000000
79.7500000000	-54.1305000000
79.7531250000	-53.8697000000
79.7562500000	-53.6000000000
79.7593750000	-53.3216000000
79.7625000000	-53.0351000000
79.7656250000	-52.7415000000
79.7687500000	-52.4416000000
79.7718750000	-52.1366000000
79.7750000000	-51.8275000000
79.7781250000	-51.5153000000
79.7812500000	-51.2007000000
79.7843750000	-50.8843000000
79.7875000000	-50.5665000000
79.7906250000	-50.2473000000
79.7937500000	-49.9266000000
79.7968750000	-49.6044000000
79.8000000000	-49.2805000000
79.8031250000	-48.9548000000
79.8062500000	-48.6275000000
79.8093750000	-48.2988000000
79.8125000000	-47.9693000000
79.8156250000	-47.6397000000
79.8187500000	-47.3110000000
79.8218750000	-46.9839000000
79.8250000000	-46.6594000000
79.8281250000	-46.3379000000
79.8312500000	-46.0197000000
79.8343750000	-45.7044000000
79.8375000000	-45.3910000000
79.8406250000	-45.0781000000
79.8437500000	-44.7635000000
79.8468750000	-44.4451000000
79.8500000000	-44.1207000000
79.8531250000	-43.7883000000
79.8562500000	-43.4463000000
79.8593750000	-43.0933000000
79.8625000000	-42.7287000000
79.8656250000	-42.3528000000
79.8687500000	-41.9661000000
79.8718750000	-41.5699000000
79.8750000000	-41.1650000000
79.8781250000	-40.7522000000
79.8812500000	-40.3318000000
79.8843750000	-39.9029000000
79.8875000000	-39.4636000000
79.8906250000	-39.0099000000
79.8937500000	-38.5358000000
79.8968750000	-38.0315000000
79.9000000000	-37.4830000000
79.9031250000	-36.8701000000
79.9062500000	-36.1654000000
79.9093750000	-35.3346000000
79.9125000000	-34.3410000000
79.9156250000	-33.1541000000
79.9187500000	-31.7617000000
79.9218750000	-30.1769000000
79.9250000000	-28.4362000000
79.9281250000	-26.5888000000
79.9312500000	-24.6853000000
79.9343750000	-22.7695000000
79.9375000000	-20.8755000000
79.9406250000	-19.0281000000
79.9437500000	-17.2451000000
79.9468750000	-15.5385000000
79.9500000000	-13.9166000000
79.9531250000	-12.3850000000
79.9562500000	-10.9476000000
79.9593750000	-9.6070000000
79.9625000000	-8.3652000000
79.9656250000	-7.2234000000
79.9687500000	-6.1826000000
79.9718750000	-5.2434000000
79.9750000000	-4.4063000000
79.9781250000	-3.6717000000
79.9812500000	-3.0398000000
79.9843750000	-2.5109000000
79.9875000000	-2.0850000000
79.9906250000	-1.7622000000
79.9937500000	-1.5426000000
79.9968750000	-1.4253000000
80.0000000000	-1.4081000000
80.0031250000	-1.4901000000
80.0062500000	-1.6738000000
80.0093750000	-1.9605000000
80.0125000000	-2.3504000000
80.0156250000	-2.8434000000
80.0187500000	-3.4393000000
80.0218750000	-4.1381000000
80.0250000000	-4.9394000000
80.0281250000	-5.8429000000
80.0312500000	-6.8483000000
80.0343750000	-7.9548000000
80.0375000000	-9.1618000000
80.0406250000	-10.4679000000
80.0437500000	-11.8716000000
80.0468750000	-13.3705000000
80.0500000000	-14.9611000000
80.0531250000	-16.6387000000
80.0562500000	-18.3959000000
80.0593750000	-20.2222000000
80.0625000000	-22.1022000000
80.0656250000	-24.0140000000
80.0687500000	-25.9268000000
80.0718750000	-27.8001000000
80.0750000000	-29.5851000000
80.0781250000	-31.2305000000
80.0812500000	-32.6932000000
80.0843750000	-33.9509000000
80.0875000000	-35.0073000000
80.0906250000	-35.8883000000
80.0937500000	-36.6304000000
80.0968750000	-37.2704000000
80.1000000000	-37.8390000000
80.1031250000	-38.3591000000
80.1062500000	-38.8467000000
80.1093750000	-39.3124000000
80.1125000000	-39.7628000000
80.1156250000	-40.2018000000
80.1187500000	-40.6314000000
80.1218750000	-41.0524000000
80.1250000000	-41.4644000000
80.1281250000	-41.8667000000
80.1312500000	-42.2586000000
80.1343750000	-42.6394000000
80.1375000000	-43.0088000000
80.1406250000	-43.3669000000
80.1437500000	-43.7144000000
80.1468750000	-44.0527000000
80.1500000000	-44.3830000000
80.1531250000	-44.7072000000
80.1562500000	-45.0270000000
80.1593750000	-45.3440000000
80.1625000000	-45.6599000000
80.1656250000	-45.9757000000
80.1687500000	-46.2921000000
80.1718750000	-46.6094000000
80.1750000000	-46.9277000000
80.1781250000	-47.2467000000
80.1812500000	-47.5659000000
80.1843750000	-47.8846000000
80.1875000000	-48.2023000000
80.1906250000	-48.5186000000
80.1937500000	-48.8333000000
80.1968750000	-49.1464000000
80.2000000000	-49.4581000000
80.2031250000	-49.7685000000
80.2062500000	-50.0780000000
80.2093750000	-50.3869000000
80.2125000000	-50.6955000000
80.2156250000	-51.0039000000
80.2187500000	-51.3123000000
80.2218750000	-51.6203000000
80.2250000000	-51.9278000000
80.2281250000	-52.2340000000
80.2312500000	-52.5383000000
80.2343750000	-52.8397000000
80.2375000000	-53.1373000000
80.2406250000	-53.4300000000
80.2437500000	-53.7167000000
80.2468750000	-53.9966000000
80.2500000000	-54.2692000000
80.2531250000	-54.5341000000
80.2562500000	-54.7910000000
80.2593750000	-55.0401000000
80.2625000000	-55.2820000000
80.2656250000	-55.5173000000
80.2687500000	-55.7469000000
80.2718750000	-55.9718000000
80.2750000000	-56.1930000000
80.2781250000	-56.4113000000
80.2812500000	-56.6276000000
80.2843750000	-56.8423000000
80.2875000000	-57.0557000000
80.2906250000	-57.2677000000
80.2937500000	-57.4780000000
80.2968750000	-57.6862000000
80.3000000000	-57.8917000000
80.3031250000	-58.0941000000
80.3062500000	-58.2929000000
80.3093750000	-58.4878000000
80.3125000000	-58.6787000000
80.3156250000	-58.8658000000
80.3187500000	-59.0493000000
80.3218750000	-59.2295000000
80.3250000000	-59.4071000000
80.3281250000	-59.5824000000
80.3312500000	-59.7556000000
80.3343750000	-59.9272000000
80.3375000000	-60.0973000000
80.3406250000	-60.2661000000
80.3437500000	-60.4337000000
80.3468750000	-60.6005000000
80.3500000000	-60.7667000000
80.3531250000	-60.9329000000
80.3562500000	-61.0998000000
80.3593750000	-61.2681000000
80.3625000000	-61.4385000000
80.3656250000	-61.6117000000
80.3687500000	-61.7880000000
80.3718750000	-61.9673000000
80.3750000000	-62.1491000000
80.3781250000	-62.3324000000
80.3812500000	-62.5156000000
80.3843750000	-62.6968000000
80.3875000000	-62.8736000000
80.3906250000	-63.0438000000
80.3937500000	-63.2053000000
80.3968750000	-63.3562000000
80.4000000000	-63.4953000000
80.4031250000	-63.6220000000
80.4062500000	-63.7367000000
80.4093750000	-63.8404000000
80.4125000000	-63.9345000000
80.4156250000	-64.0213000000
80.4187500000	-64.1028000000
80.4218750000	-64.1813000000
80.4250000000	-64.2587000000
80.4281250000	-64.3368000000
80.4312500000	-64.4170000000
80.4343750000	-64.4997000000
80.4375000000	-64.5853000000
80.4406250000	-64.6734000000
80.4437500000	-64.7636000000
80.4468750000	-64.8550000000
80.4500000000	-64.9470000000
80.4531250000	-65.0385000000
80.4562500000	-65.1287000000
80.4593750000	-65.2168000000
80.4625000000	-65.3024000000
80.4656250000	-65.3849000000
80.4687500000	-65.4644000000
80.4718750000	-65.5406000000
80.4750000000	-65.6140000000
80.4781250000	-65.6852000000
80.4812500000	-65.7550000000
80.4843750000	-65.8245000000
80.4875000000	-65.8948000000
80.4906250000	-65.9674000000
80.4937500000	-66.0436000000
80.4968750000	-66.1247000000
80.5000000000	-66.2116000000
80.5031250000	-66.3050000000
80.5062500000	-66.4052000000
80.5093750000	-66.5123000000
80.5125000000	-66.6257000000
80.5156250000	-66.7443000000
80.5187500000	-66.8663000000
80.5218750000	-66.9899000000
80.5250000000	-67.1130000000
80.5281250000	-67.2335000000
80.5312500000	-67.3495000000
80.5343750000	-67.4592000000
80.5375000000	-67.5611000000
80.5406250000	-67.6543000000
80.5437500000	-67.7381000000
80.5468750000	-67.8123000000
80.5500000000	-67.8770000000
80.5531250000	-67.9323000000
80.5562500000	-67.9785000000
80.5593750000	-68.0163000000
80.5625000000	-68.0463000000
80.5656250000	-68.0694000000
80.5687500000	-68.0863000000
80.5718750000	-68.0981000000
80.5750000000	-68.1062000000
80.5781250000	-68.1118000000
80.5812500000	-68.1166000000
80.5843750000	-68.1222000000
80.5875000000	-68.1305000000
80.5906250000	-68.1431000000
80.5937500000	-68.1619000000
80.5968750000	-68.1884000000
80.6000000000	-68.2238000000
80.6031250000	-68.2688000000
80.6062500000	-68.3241000000
80.6093750000	-68.3898000000
80.6125000000	-68.4654000000
80.6156250000	-68.5498000000
80.6187500000	-68.6415000000
80.6218750000	-68.7388000000
80.6250000000	-68.8397000000
80.6281250000	-68.9422000000
80.6312500000	-69.0444000000
80.6343750000	-69.1448000000
80.6375000000	-69.2424000000
80.6406250000	-69.3363000000
80.6437500000	-69.4262000000
80.6468750000	-69.5123000000
80.6500000000	-69.5952000000
80.6531250000	-69.6757000000
80.6562500000	-69.7550000000
80.6593750000	-69.8338000000
80.6625000000	-69.9131000000
80.6656250000	-69.9933000000
80.6687500000	-70.0747000000
80.6718750000	-70.1572000000
80.6750000000	-70.2399000000
80.6781250000	-70.3219000000
80.6812500000	-70.4020000000
80.6843750000	-70.4789000000
80.6875000000	-70.5513000000
80.6906250000	-70.6177000000
80.6937500000	-70.6771000000
80.6968750000	-70.7287000000
80.7000000000	-70.7720000000
80.7031250000	-70.8070000000
80.7062500000	-70.8335000000
80.7093750000	-70.8518000000
80.7125000000	-70.8621000000
80.7156250000	-70.8651000000
80.7187500000	-70.8614000000
80.7218750000	-70.8521000000
80.7250000000	-70.8383000000
80.7281250000	-70.8216000000
80.7312500000	-70.8041000000
80.7343750000	-70.7881000000
80.7375000000	-70.7763000000
80.7406250000	-70.7714000000
80.7437500000	-70.7763000000
80.7468750000	-70.7933000000
80.7500000000	-70.8240000000
80.7531250000	-70.8690000000
80.7562500000	-70.9286000000
80.7593750000	-71.0025000000
80.7625000000	-71.0895000000
80.7656250000	-71.1872000000
80.7687500000	-71.2926000000
80.7718750000	-71.4026000000
80.7750000000	-71.5137000000
80.7781250000	-71.6228000000
80.7812500000	-71.7271000000
80.7843750000	-71.8245000000
80.7875000000	-71.9136000000
80.7906250000	-71.9938000000
80.7937500000	-72.0651000000
80.7968750000	-72.1277000000
80.8000000000	-72.1824000000
80.8031250000	-72.2300000000
80.8062500000	-72.2718000000
80.8093750000	-72.3089000000
80.8125000000	-72.3424000000
80.8156250000	-72.3736000000
80.8187500000	-72.4034000000
80.8218750000	-72.4327000000
80.8250000000	-72.4622000000
80.8281250000	-72.4925000000
80.8312500000	-72.5241000000
80.8343750000	-72.5570000000
80.8375000000	-72.5914000000
80.8406250000	-72.6267000000
80.8437500000	-72.6623000000
80.8468750000	-72.6976000000
80.8500000000	-72.7322000000
80.8531250000	-72.7655000000
80.8562500000	-72.7974000000
80.8593750000	-72.8278000000
80.8625000000	-72.8574000000
80.8656250000	-72.8868000000
80.8687500000	-72.9172000000
80.8718750000	-72.9494000000
80.8750000000	-72.9847000000
80.8781250000	-73.0238000000
80.8812500000	-73.0676000000
80.8843750000	-73.1166000000
80.8875000000	-73.1705000000
80.8906250000	-73.2289000000
80.8937500000	-73.2907000000
80.8968750000	-73.3548000000
80.9000000000	-73.4196000000
80.9031250000	-73.4839000000
80.9062500000	-73.5463000000
80.9093750000	-73.6057000000
80.9125000000	-73.6611000000
80.9156250000	-73.7122000000
80.9187500000	-73.7588000000
80.9218750000	-73.8010000000
80.9250000000	-73.8392000000
80.9281250000	-73.8740000000
80.9312500000	-73.9058000000
80.9343750000	-73.9350000000
80.9375000000	-73.9616000000
80.9406250000	-73.9855000000
80.9437500000	-74.0066000000
80.9468750000	-74.0243000000
80.9500000000	-74.0379000000
80.9531250000	-74.0465000000
80.9562500000	-74.0489000000
80.9593750000	-74.0439000000
80.9625000000	-74.0307000000
80.9656250000	-74.0085000000
80.9687500000	-73.9771000000
80.9718750000	-73.9366000000
80.9750000000	-73.8880000000
80.9781250000	-73.8328000000
80.9812500000	-73.7736000000
80.9843750000	-73.7138000000
80.9875000000	-73.6574000000
80.9906250000	-73.6083000000
80.9937500000	-73.5704000000
80.9968750000	-73.5473000000
81.0000000000	-73.5417000000
81.0031250000	-73.5551000000
81.0062500000	-73.5881000000
81.0093750000	-73.6409000000
81.0125000000	-73.7130000000
81.0156250000	-73.8021000000
81.0187500000	-73.9054000000
81.0218750000	-74.0192000000
81.0250000000	-74.1399000000
81.0281250000	-74.2635000000
81.0312500000	-74.3868000000
81.0343750000	-74.5069000000
81.0375000000	-74.6218000000
81.0406250000	-74.7303000000
81.0437500000	-74.8321000000
81.0468750000	-74.9271000000
81.0500000000	-75.0159000000
81.0531250000	-75.0986000000
81.0562500000	-75.1757000000
81.0593750000	-75.2473000000
81.0625000000	-75.3132000000
81.0656250000	-75.3728000000
81.0687500000	-75.4255000000
81.0718750000	-75.4703000000
81.0750000000	-75.5065000000
81.0781250000	-75.5335000000
81.0812500000	-75.5508000000
81.0843750000	-75.5583000000
81.0875000000	-75.5566000000
81.0906250000	-75.5466000000
81.0937500000	-75.5298000000
81.0968750000	-75.5079000000
81.1000000000	-75.4827000000
81.1031250000	-75.4560000000
81.1062500000	-75.4296000000
81.1093750000	-75.4052000000
81.1125000000	-75.3845000000
81.1156250000	-75.3683000000
81.1187500000	-75.3576000000
81.1218750000	-75.3526000000
81.1250000000	-75.3536000000
81.1281250000	-75.3599000000
81.1312500000	-75.3712000000
81.1343750000	-75.3867000000
81.1375000000	-75.4052000000
81.1406250000	-75.4258000000
81.1437500000	-75.4468000000
81.1468750000	-75.4668000000
81.1500000000	-75.4843000000
81.1531250000	-75.4976000000
81.1562500000	-75.5049000000
81.1593750000	-75.5044000000
81.1625000000	-75.4948000000
81.1656250000	-75.4750000000
81.1687500000	-75.4445000000
81.1718750000	-75.4033000000
81.1750000000	-75.3526000000
81.1781250000	-75.2946000000
81.1812500000	-75.2323000000
81.1843750000	-75.1692000000
81.1875000000	-75.1095000000
81.1906250000	-75.0572000000
81.1937500000	-75.0159000000
81.1968750000	-74.9883000000
81.2000000000	-74.9760000000
81.2031250000	-74.9786000000
81.2062500000	-74.9952000000
81.2093750000	-75.0235000000
81.2125000000	-75.0591000000
81.2156250000	-75.0968000000
81.2187500000	-75.1305000000
81.2218750000	-75.1544000000
81.2250000000	-75.1636000000
81.2281250000	-75.1556000000
81.2312500000	-75.1300000000
81.2343750000	-75.0890000000
81.2375000000	-75.0373000000
81.2406250000	-74.9815000000
81.2437500000	-74.9289000000
81.2468750000	-74.8870000000
81.2500000000	-74.8624000000
81.2531250000	-74.8598000000
81.2562500000	-74.8825000000
81.2593750000	-74.9327000000
81.2625000000	-75.0113000000
81.2656250000	-75.1169000000
81.2687500000	-75.2461000000
81.2718750000	-75.3942000000
81.2750000000	-75.5555000000
81.2781250000	-75.7237000000
81.2812500000	-75.8925000000
81.2843750000	-76.0560000000
81.2875000000	-76.2093000000
81.2906250000	-76.3489000000
81.2937500000	-76.4724000000
81.2968750000	-76.5791000000
81.3000000000	-76.6696000000
81.3031250000	-76.7451000000
81.3062500000	-76.8070000000
81.3093750000	-76.8570000000
81.3125000000	-76.8966000000
81.3156250000	-76.9270000000
81.3187500000	-76.9491000000
81.3218750000	-76.9635000000
81.3250000000	-76.9705000000
81.3281250000	-76.9709000000
81.3312500000	-76.9649000000
81.3343750000	-76.9532000000
81.3375000000	-76.9368000000
81.3406250000	-76.9166000000
81.3437500000	-76.8940000000
81.3468750000	-76.8702000000
81.3500000000	-76.8464000000
81.3531250000	-76.8239000000
81.3562500000	-76.8038000000
81.3593750000	-76.7870000000
81.3625000000	-76.7743000000
81.3656250000	-76.7662000000
81.3687500000	-76.7628000000
81.3718750000	-76.7642000000
81.3750000000	-76.7703000000
81.3781250000	-76.7807000000
81.3812500000	-76.7949000000
81.3843750000	-76.8124000000
81.3875000000	-76.8326000000
81.3906250000	-76.8550000000
81.3937500000	-76.8793000000
81.3968750000	-76.9055000000
81.4000000000	-76.9336000000
81.4031250000	-76.9639000000
81.4062500000	-76.9969000000
81.4093750000	-77.0332000000
81.4125000000	-77.0736000000
81.4156250000	-77.1185000000
81.4187500000	-77.1681000000
81.4218750000	-77.2223000000
81.4250000000	-77.2802000000
81.4281250000	-77.3406000000
81.4312500000	-77.4019000000
81.4343750000	-77.4621000000
81.4375000000	-77.5188000000
81.4406250000	-77.5691000000
81.4437500000	-77.6100000000
81.4468750000	-77.6386000000
81.4500000000	-77.6522000000
81.4531250000	-77.6485000000
81.4562500000	-77.6258000000
81.4593750000	-77.5832000000
81.4625000000	-77.5205000000
81.4656250000	-77.4384000000
81.4687500000	-77.3386000000
81.4718750000	-77.2238000000
81.4750000000	-77.0976000000
81.4781250000	-76.9645000000
81.4812500000	-76.8294000000
81.4843750000	-76.6980000000
81.4875000000	-76.5755000000
81.4906250000	-76.4674000000
81.4937500000	-76.3785000000
81.4968750000	-76.3128000000
81.5000000000	-76.2734000000
81.5031250000	-76.2617000000
81.5062500000	-76.2776000000
81.5093750000	-76.3206000000
81.5125000000	-76.3894000000
81.5156250000	-76.4812000000
81.5187500000	-76.5917000000
81.5218750000	-76.7159000000
81.5250000000	-76.8479000000
81.5281250000	-76.9817000000
81.5312500000	-77.1116000000
81.5343750000	-77.2326000000
81.5375000000	-77.3405000000
81.5406250000	-77.4322000000
81.5437500000	-77.5060000000
81.5468750000	-77.5611000000
81.5500000000	-77.5978000000
81.5531250000	-77.6170000000
81.5562500000	-77.6202000000
81.5593750000	-77.6091000000
81.5625000000	-77.5858000000
81.5656250000	-77.5524000000
81.5687500000	-77.5117000000
81.5718750000	-77.4663000000
81.5750000000	-77.4194000000
81.5781250000	-77.3737000000
81.5812500000	-77.3325000000
81.5843750000	-77.2984000000
81.5875000000	-77.2740000000
81.5906250000	-77.2611000000
81.5937500000	-77.2608000000
81.5968750000	-77.2731000000
81.6000000000	-77.2977000000
81.6031250000	-77.3331000000
81.6062500000	-77.3776000000
81.6093750000	-77.4287000000
81.6125000000	-77.4832000000
81.6156250000	-77.5381000000
81.6187500000	-77.5904000000
81.6218750000	-77.6376000000
81.6250000000	-77.6781000000
81.6281250000	-77.7112000000
81.6312500000	-77.7366000000
81.6343750000	-77.7549000000
81.6375000000	-77.7674000000
81.6406250000	-77.7751000000
81.6437500000	-77.7792000000
81.6468750000	-77.7805000000
81.6500000000	-77.7792000000
81.6531250000	-77.7756000000
81.6562500000	-77.7692000000
81.6593750000	-77.7597000000
81.6625000000	-77.7464000000
81.6656250000	-77.7289000000
81.6687500000	-77.7075000000
81.6718750000	-77.6828000000
81.6750000000	-77.6561000000
81.6781250000	-77.6291000000
81.6812500000	-77.6042000000
81.6843750000	-77.5835000000
81.6875000000	-77.5691000000
81.6906250000	-77.5622000000
81.6937500000	-77.5633000000
81.6968750000	-77.5721000000
81.7000000000	-77.5877000000
81.7031250000	-77.6077000000
81.7062500000	-77.6286000000
81.7093750000	-77.6464000000
81.7125000000	-77.6566000000
81.7156250000	-77.6548000000
81.7187500000	-77.6373000000
81.7218750000	-77.6018000000
81.7250000000	-77.5474000000
81.7281250000	-77.4750000000
81.7312500000	-77.3876000000
81.7343750000	-77.2902000000
81.7375000000	-77.1885000000
81.7406250000	-77.0893000000
81.7437500000	-76.9993000000
81.7468750000	-76.9245000000
81.7500000000	-76.8701000000
81.7531250000	-76.8397000000
81.7562500000	-76.8354000000
81.7593750000	-76.8578000000
81.7625000000	-76.9071000000
81.7656250000	-76.9819000000
81.7687500000	-77.0791000000
81.7718750000	-77.1942000000
81.7750000000	-77.3220000000
81.7781250000	-77.4569000000
81.7812500000	-77.5932000000
81.7843750000	-77.7258000000
81.7875000000	-77.8503000000
81.7906250000	-77.9635000000
81.7937500000	-78.0629000000
81.7968750000	-78.1474000000
81.8000000000	-78.2169000000
81.8031250000	-78.2719000000
81.8062500000	-78.3139000000
81.8093750000	-78.3442000000
81.8125000000	-78.3644000000
81.8156250000	-78.3760000000
81.8187500000	-78.3803000000
81.8218750000	-78.3789000000
81.8250000000	-78.3729000000
81.8281250000	-78.3637000000
81.8312500000	-78.3523000000
81.8343750000	-78.3399000000
81.8375000000	-78.3276000000
81.8406250000	-78.3166000000
81.8437500000	-78.3080000000
81.8468750000	-78.3027000000
81.8500000000	-78.3012000000
81.8531250000	-78.3041000000
81.8562500000	-78.3114000000
81.8593750000	-78.3229000000
81.8625000000	-78.3378000000
81.8656250000	-78.3555000000
81.8687500000	-78.3746000000
81.8718750000	-78.3936000000
81.8750000000	-78.4113000000
81.8781250000	-78.4260000000
81.8812500000	-78.4368000000
81.8843750000	-78.4429000000
81.8875000000	-78.4445000000
81.8906250000	-78.4417000000
81.8937500000	-78.4357000000
81.8968750000	-78.4279000000
81.9000000000	-78.4201000000
81.9031250000	-78.4141000000
81.9062500000	-78.4118000000
81.9093750000	-78.4146000000
81.9125000000	-78.4232000000
81.9156250000	-78.4384000000
81.9187500000	-78.4600000000
81.9218750000	-78.4874000000
81.9250000000	-78.5194000000
81.9281250000	-78.5546000000
81.9312500000	-78.5908000000
81.9343750000	-78.6258000000
81.9375000000	-78.6572000000
81.9406250000	-78.6823000000
81.9437500000	-78.6985000000
81.9468750000	-78.7035000000
81.9500000000	-78.6949000000
81.9531250000	-78.6707000000
81.9562500000	-78.6294000000
81.9593750000	-78.5701000000
81.9625000000	-78.4924000000
81.9656250000	-78.3970000000
81.9687500000	-78.2856000000
81.9718750000	-78.1607000000
81.9750000000	-78.0258000000
81.9781250000	-77.8854000000
81.9812500000	-77.7444000000
81.9843750000	-77.6081000000
81.9875000000	-77.4818000000
81.9906250000	-77.3707000000
81.9937500000	-77.2793000000
81.9968750000	-77.2111000000
82.0000000000	-77.1688000000
82.0031250000	-77.1535000000
82.0062500000	-77.1653000000
82.0093750000	-77.2024000000
82.0125000000	-77.2626000000
82.0156250000	-77.3425000000
82.0187500000	-77.4375000000
82.0218750000	-77.5419000000
82.0250000000	-77.6499000000
82.0281250000	-77.7558000000
82.0312500000	-77.8546000000
82.0343750000	-77.9428000000
82.0375000000	-78.0184000000
82.0406250000	-78.0809000000
82.0437500000	-78.1318000000
82.0468750000	-78.1736000000
82.0500000000	-78.2093000000
82.0531250000	-78.2422000000
82.0562500000	-78.2756000000
82.0593750000	-78.3119000000
82.0625000000	-78.3526000000
82.0656250000	-78.3986000000
82.0687500000	-78.4496000000
82.0718750000	-78.5047000000
82.0750000000	-78.5624000000
82.0781250000	-78.6206000000
82.0812500000	-78.6771000000
82.0843750000	-78.7298000000
82.0875000000	-78.7772000000
82.0906250000	-78.8181000000
82.0937500000	-78.8521000000
82.0968750000	-78.8794000000
82.1000000000	-78.9006000000
82.1031250000	-78.9169000000
82.1062500000	-78.9300000000
82.1093750000	-78.9415000000
82.1125000000	-78.9528000000
82.1156250000	-78.9653000000
82.1187500000	-78.9797000000
82.1218750000	-78.9964000000
82.1250000000	-79.0153000000
82.1281250000	-79.0357000000
82.1312500000	-79.0564000000
82.1343750000	-79.0760000000
82.1375000000	-79.0929000000
82.1406250000	-79.1059000000
82.1437500000	-79.1138000000
82.1468750000	-79.1160000000
82.1500000000	-79.1125000000
82.1531250000	-79.1039000000
82.1562500000	-79.0912000000
82.1593750000	-79.0759000000
82.1625000000	-79.0600000000
82.1656250000	-79.0455000000
82.1687500000	-79.0338000000
82.1718750000	-79.0263000000
82.1750000000	-79.0236000000
82.1781250000	-79.0257000000
82.1812500000	-79.0324000000
82.1843750000	-79.0429000000
82.1875000000	-79.0556000000
82.1906250000	-79.0689000000
82.1937500000	-79.0806000000
82.1968750000	-79.0890000000
82.2000000000	-79.0921000000
82.2031250000	-79.0883000000
82.2062500000	-79.0763000000
82.2093750000	-79.0547000000
82.2125000000	-79.0227000000
82.2156250000	-78.9798000000
82.2187500000	-78.9259000000
82.2218750000	-78.8613000000
82.2250000000	-78.7870000000
82.2281250000	-78.7045000000
82.2312500000	-78.6160000000
82.2343750000	-78.5244000000
82.2375000000	-78.4333000000
82.2406250000	-78.3467000000
82.2437500000	-78.2685000000
82.2468750000	-78.2026000000
82.2500000000	-78.1519000000
82.2531250000	-78.1187000000
82.2562500000	-78.1039000000
82.2593750000	-78.1071000000
82.2625000000	-78.1271000000
82.2656250000	-78.1618000000
82.2687500000	-78.2079000000
82.2718750000	-78.2612000000
82.2750000000	-78.3168000000
82.2781250000	-78.3699000000
82.2812500000	-78.4163000000
82.2843750000	-78.4530000000
82.2875000000	-78.4787000000
82.2906250000	-78.4933000000
82.2937500000	-78.4989000000
82.2968750000	-78.4984000000
82.3000000000	-78.4955000000
82.3031250000	-78.4943000000
82.3062500000	-78.4983000000
82.3093750000	-78.5101000000
82.3125000000	-78.5313000000
82.3156250000	-78.5624000000
82.3187500000	-78.6031000000
82.3218750000	-78.6517000000
82.3250000000	-78.7055000000
82.3281250000	-78.7609000000
82.3312500000	-78.8144000000
82.3343750000	-78.8625000000
82.3375000000	-78.9022000000
82.3406250000	-78.9316000000
82.3437500000	-78.9494000000
82.3468750000	-78.9555000000
82.3500000000	-78.9504000000
82.3531250000	-78.9352000000
82.3562500000	-78.9110000000
82.3593750000	-78.8791000000
82.3625000000	-78.8406000000
82.3656250000	-78.7962000000
82.3687500000	-78.7466000000
82.3718750000	-78.6923000000
82.3750000000	-78.6339000000
82.3781250000	-78.5724000000
82.3812500000	-78.5093000000
82.3843750000	-78.4466000000
82.3875000000	-78.3870000000
82.3906250000	-78.3334000000
82.3937500000	-78.2889000000
82.3968750000	-78.2560000000
82.4000000000	-78.2370000000
82.4031250000	-78.2337000000
82.4062500000	-78.2469000000
82.4093750000	-78.2771000000
82.4125000000	-78.3237000000
82.4156250000	-78.3850000000
82.4187500000	-78.4586000000
82.4218750000	-78.5415000000
82.4250000000	-78.6300000000
82.4281250000	-78.7200000000
82.4312500000	-78.8075000000
82.4343750000	-78.8886000000
82.4375000000	-78.9599000000
82.4406250000	-79.0188000000
82.4437500000	-79.0634000000
82.4468750000	-79.0928000000
82.4500000000	-79.1067000000
82.4531250000	-79.1059000000
82.4562500000	-79.0915000000
82.4593750000	-79.0649000000
82.4625000000	-79.0281000000
82.4656250000	-78.9824000000
82.4687500000	-78.9296000000
82.4718750000	-78.8711000000
82.4750000000	-78.8079000000
82.4781250000	-78.7411000000
82.4812500000	-78.6723000000
82.4843750000	-78.6033000000
82.4875000000	-78.5361000000
82.4906250000	-78.4731000000
82.4937500000	-78.4167000000
82.4968750000	-78.3699000000
82.5000000000	-78.3354000000
82.5031250000	-78.3154000000
82.5062500000	-78.3117000000
82.5093750000	-78.3247000000
82.5125000000	-78.3547000000
82.5156250000	-78.4010000000
82.5187500000	-78.4625000000
82.5218750000	-78.5367000000
82.5250000000	-78.6202000000
82.5281250000	-78.7095000000
82.5312500000	-78.8007000000
82.5343750000	-78.8900000000
82.5375000000	-78.9742000000
82.5406250000	-79.0506000000
82.5437500000	-79.1174000000
82.5468750000	-79.1737000000
82.5500000000	-79.2193000000
82.5531250000	-79.2547000000
82.5562500000	-79.2810000000
82.5593750000	-79.2996000000
82.5625000000	-79.3119000000
82.5656250000	-79.3192000000
82.5687500000	-79.3225000000
82.5718750000	-79.3232000000
82.5750000000	-79.3219000000
82.5781250000	-79.3192000000
82.5812500000	-79.3152000000
82.5843750000	-79.3099000000
82.5875000000	-79.3029000000
82.5906250000	-79.2938000000
82.5937500000	-79.2822000000
82.5968750000	-79.2673000000
82.6000000000	-79.2489000000
82.6031250000	-79.2267000000
82.6062500000	-79.2005000000
82.6093750000	-79.1707000000
82.6125000000	-79.1382000000
82.6156250000	-79.1039000000
82.6187500000	-79.0691000000
82.6218750000	-79.0355000000
82.6250000000	-79.0045000000
82.6281250000	-78.9777000000
82.6312500000	-78.9565000000
82.6343750000	-78.9420000000
82.6375000000	-78.9348000000
82.6406250000	-78.9349000000
82.6437500000	-78.9420000000
82.6468750000	-78.9549000000
82.6500000000	-78.9720000000
82.6531250000	-78.9912000000
82.6562500000	-79.0099000000
82.6593750000	-79.0258000000
82.6625000000	-79.0363000000
82.6656250000	-79.0394000000
82.6687500000	-79.0339000000
82.6718750000	-79.0190000000
82.6750000000	-78.9950000000
82.6781250000	-78.9632000000
82.6812500000	-78.9258000000
82.6843750000	-78.8853000000
82.6875000000	-78.8452000000
82.6906250000	-78.8084000000
82.6937500000	-78.7779000000
82.6968750000	-78.7559000000
82.7000000000	-78.7436000000
82.7031250000	-78.7414000000
82.7062500000	-78.7491000000
82.7093750000	-78.7657000000
82.7125000000	-78.7893000000
82.7156250000	-78.8174000000
82.7187500000	-78.8471000000
82.7218750000	-78.8753000000
82.7250000000	-78.8993000000
82.7281250000	-78.9168000000
82.7312500000	-78.9262000000
82.7343750000	-78.9267000000
82.7375000000	-78.9182000000
82.7406250000	-78.9017000000
82.7437500000	-78.8786000000
82.7468750000	-78.8511000000
82.7500000000	-78.8214000000
82.7531250000	-78.7917000000
82.7562500000	-78.7642000000
82.7593750000	-78.7404000000
82.7625000000	-78.7221000000
82.7656250000	-78.7104000000
82.7687500000	-78.7064000000
82.7718750000	-78.7107000000
82.7750000000	-78.7231000000
82.7781250000	-78.7435000000
82.7812500000	-78.7714000000
82.7843750000	-78.8060000000
82.7875000000	-78.8468000000
82.7906250000	-78.8926000000
82.7937500000	-78.9426000000
82.7968750000	-78.9955000000
82.8000000000	-79.0503000000
82.8031250000	-79.1059000000
82.8062500000	-79.1610000000
82.8093750000	-79.2145000000
82.8125000000	-79.2653000000
82.8156250000	-79.3125000000
82.8187500000	-79.3554000000
82.8218750000	-79.3936000000
82.8250000000	-79.4270000000
82.8281250000	-79.4557000000
82.8312500000	-79.4800000000
82.8343750000	-79.5003000000
82.8375000000	-79.5170000000
82.8406250000	-79.5308000000
82.8437500000	-79.5417000000
82.8468750000	-79.5499000000
82.8500000000	-79.5553000000
82.8531250000	-79.5576000000
82.8562500000	-79.5568000000
82.8593750000	-79.5526000000
82.8625000000	-79.5450000000
82.8656250000	-79.5341000000
82.8687500000	-79.5202000000
82.8718750000	-79.5042000000
82.8750000000	-79.4867000000
82.8781250000	-79.4685000000
82.8812500000	-79.4503000000
82.8843750000	-79.4325000000
82.8875000000	-79.4154000000
82.8906250000	-79.3991000000
82.8937500000	-79.3837000000
82.8968750000	-79.3688000000
82.9000000000	-79.3542000000
82.9031250000	-79.3400000000
82.9062500000	-79.3263000000
82.9093750000	-79.3138000000
82.9125000000	-79.3032000000
82.9156250000	-79.2955000000
82.9187500000	-79.2920000000
82.9218750000	-79.2939000000
82.9250000000	-79.3019000000
82.9281250000	-79.3167000000
82.9312500000	-79.3383000000
82.9343750000	-79.3661000000
82.9375000000	-79.3993000000
82.9406250000	-79.4362000000
82.9437500000	-79.4753000000
82.9468750000	-79.5149000000
82.9500000000	-79.5534000000
82.9531250000	-79.5892000000
82.9562500000	-79.6214000000
82.9593750000	-79.6492000000
82.9625000000	-79.6725000000
82.9656250000	-79.6914000000
82.9687500000	-79.7062000000
82.9718750000	-79.7173000000
82.9750000000	-79.7252000000
82.9781250000	-79.7302000000
82.9812500000	-79.7327000000
82.9843750000	-79.7326000000
82.9875000000	-79.7303000000
82.9906250000	-79.7261000000
82.9937500000	-79.7208000000
82.9968750000	-79.7151000000
83.0000000000	-79.7101000000
83.0031250000	-79.7069000000
83.0062500000	-79.7068000000
83.0093750000	-79.7108000000
83.0125000000	-79.7197000000
83.0156250000	-79.7337000000
83.0187500000	-79.7528000000
83.0218750000	-79.7764000000
83.0250000000	-79.8032000000
83.0281250000	-79.8313000000
83.0312500000	-79.8587000000
83.0343750000	-79.8831000000
83.0375000000	-79.9020000000
83.0406250000	-79.9136000000
83.0437500000	-79.9164000000
83.0468750000	-79.9099000000
83.0500000000	-79.8940000000
83.0531250000	-79.8695000000
83.0562500000	-79.8377000000
83.0593750000	-79.8005000000
83.0625000000	-79.7598000000
83.0656250000	-79.7180000000
83.0687500000	-79.6769000000
83.0718750000	-79.6380000000
83.0750000000	-79.6029000000
83.0781250000	-79.5724000000
83.0812500000	-79.5467000000
83.0843750000	-79.5259000000
83.0875000000	-79.5095000000
83.0906250000	-79.4966000000
83.0937500000	-79.4861000000
83.0968750000	-79.4768000000
83.1000000000	-79.4674000000
83.1031250000	-79.4569000000
83.1062500000	-79.4445000000
83.1093750000	-79.4300000000
83.1125000000	-79.4132000000
83.1156250000	-79.3947000000
83.1187500000	-79.3753000000
83.1218750000	-79.3562000000
83.1250000000	-79.3390000000
83.1281250000	-79.3248000000
83.1312500000	-79.3149000000
83.1343750000	-79.3102000000
83.1375000000	-79.3111000000
83.1406250000	-79.3177000000
83.1437500000	-79.3297000000
83.1468750000	-79.3463000000
83.1500000000	-79.3660000000
83.1531250000	-79.3870000000
83.1562500000	-79.4070000000
83.1593750000	-79.4238000000
83.1625000000	-79.4352000000
83.1656250000	-79.4395000000
83.1687500000	-79.4355000000
83.1718750000	-79.4224000000
83.1750000000	-79.4003000000
83.1781250000	-79.3705000000
83.1812500000	-79.3349000000
83.1843750000	-79.2962000000
83.1875000000	-79.2575000000
83.1906250000	-79.2220000000
83.1937500000	-79.1928000000
83.1968750000	-79.1723000000
83.2000000000	-79.1624000000
83.2031250000	-79.1644000000
83.2062500000	-79.1787000000
83.2093750000	-79.2053000000
83.2125000000	-79.2428000000
83.2156250000	-79.2893000000
83.2187500000	-79.3422000000
83.2218750000	-79.3988000000
83.2250000000	-79.4561000000
83.2281250000	-79.5114000000
83.2312500000	-79.5622000000
83.2343750000	-79.6066000000
83.2375000000	-79.6432000000
83.2406250000	-79.6713000000
83.2437500000	-79.6904000000
83.2468750000	-79.7012000000
83.2500000000	-79.7044000000
83.2531250000	-79.7014000000
83.2562500000	-79.6935000000
83.2593750000	-79.6822000000
83.2625000000	-79.6691000000
83.2656250000	-79.6556000000
83.2687500000	-79.6427000000
83.2718750000	-79.6314000000
83.2750000000	-79.6223000000
83.2781250000	-79.6158000000
83.2812500000	-79.6119000000
83.2843750000	-79.6104000000
83.2875000000	-79.6110000000
83.2906250000	-79.6134000000
83.2937500000	-79.6173000000
83.2968750000	-79.6224000000
83.3000000000	-79.6283000000
83.3031250000	-79.6350000000
83.3062500000	-79.6424000000
83.3093750000	-79.6504000000
83.3125000000	-79.6591000000
83.3156250000	-79.6687000000
83.3187500000	-79.6793000000
83.3218750000	-79.6908000000
83.3250000000	-79.7029000000
83.3281250000	-79.7155000000
83.3312500000	-79.7281000000
83.3343750000	-79.7403000000
83.3375000000	-79.7513000000
83.3406250000	-79.7605000000
83.3437500000	-79.7668000000
83.3468750000	-79.7693000000
83.3500000000	-79.7671000000
83.3531250000	-79.7594000000
83.3562500000	-79.7459000000
83.3593750000	-79.7265000000
83.3625000000	-79.7019000000
83.3656250000	-79.6732000000
83.3687500000	-79.6421000000
83.3718750000	-79.6103000000
83.3750000000	-79.5799000000
83.3781250000	-79.5529000000
83.3812500000	-79.5314000000
83.3843750000	-79.5171000000
83.3875000000	-79.5109000000
83.3906250000	-79.5132000000
83.3937500000	-79.5241000000
83.3968750000	-79.5427000000
83.4000000000	-79.5676000000
83.4031250000	-79.5971000000
83.4062500000	-79.6291000000
83.4093750000	-79.6616000000
83.4125000000	-79.6926000000
83.4156250000	-79.7206000000
83.4187500000	-79.7446000000
83.4218750000	-79.7642000000
83.4250000000	-79.7793000000
83.4281250000	-79.7907000000
83.4312500000	-79.7991000000
83.4343750000	-79.8056000000
83.4375000000	-79.8111000000
83.4406250000	-79.8166000000
83.4437500000	-79.8223000000
83.4468750000	-79.8285000000
83.4500000000	-79.8345000000
83.4531250000	-79.8399000000
83.4562500000	-79.8437000000
83.4593750000	-79.8448000000
83.4625000000	-79.8423000000
83.4656250000	-79.8355000000
83.4687500000	-79.8242000000
83.4718750000	-79.8087000000
83.4750000000	-79.7895000000
83.4781250000	-79.7677000000
83.4812500000	-79.7448000000
83.4843750000	-79.7223000000
83.4875000000	-79.7018000000
83.4906250000	-79.6842000000
83.4937500000	-79.6703000000
83.4968750000	-79.6605000000
83.5000000000	-79.6546000000
83.5031250000	-79.6522000000
83.5062500000	-79.6522000000
83.5093750000	-79.6534000000
83.5125000000	-79.6549000000
83.5156250000	-79.6557000000
83.5187500000	-79.6553000000
83.5218750000	-79.6535000000
83.5250000000	-79.6506000000
83.5281250000	-79.6469000000
83.5312500000	-79.6432000000
83.5343750000	-79.6405000000
83.5375000000	-79.6396000000
83.5406250000	-79.6413000000
83.5437500000	-79.6463000000
83.5468750000	-79.6549000000
83.5500000000	-79.6670000000
83.5531250000	-79.6825000000
83.5562500000	-79.7006000000
83.5593750000	-79.7207000000
83.5625000000	-79.7420000000
83.5656250000	-79.7639000000
83.5687500000	-79.7857000000
83.5718750000	-79.8068000000
83.5750000000	-79.8268000000
83.5781250000	-79.8456000000
83.5812500000	-79.8631000000
83.5843750000	-79.8793000000
83.5875000000	-79.8942000000
83.5906250000	-79.9078000000
83.5937500000	-79.9197000000
83.5968750000	-79.9294000000
83.6000000000	-79.9363000000
83.6031250000	-79.9397000000
83.6062500000	-79.9388000000
83.6093750000	-79.9332000000
83.6125000000	-79.9224000000
83.6156250000	-79.9064000000
83.6187500000	-79.8858000000
83.6218750000	-79.8616000000
83.6250000000	-79.8354000000
83.6281250000	-79.8087000000
83.6312500000	-79.7836000000
83.6343750000	-79.7619000000
83.6375000000	-79.7452000000
83.6406250000	-79.7344000000
83.6437500000	-79.7303000000
83.6468750000	-79.7329000000
83.6500000000	-79.7419000000
83.6531250000	-79.7564000000
83.6562500000	-79.7751000000
83.6593750000	-79.7965000000
83.6625000000	-79.8191000000
83.6656250000	-79.8415000000
83.6687500000	-79.8625000000
83.6718750000	-79.8810000000
83.6750000000	-79.8965000000
83.6781250000	-79.9084000000
83.6812500000	-79.9164000000
83.6843750000	-79.9207000000
83.6875000000	-79.9213000000
83.6906250000	-79.9186000000
83.6937500000	-79.9126000000
83.6968750000	-79.9032000000
83.7000000000	-79.8906000000
83.7031250000	-79.8747000000
83.7062500000	-79.8554000000
83.7093750000	-79.8330000000
83.7125000000	-79.8075000000
83.7156250000	-79.7795000000
83.7187500000	-79.7492000000
83.7218750000	-79.7171000000
83.7250000000	-79.6841000000
83.7281250000	-79.6512000000
83.7312500000	-79.6194000000
83.7343750000	-79.5901000000
83.7375000000	-79.5643000000
83.7406250000	-79.5436000000
83.7437500000	-79.5291000000
83.7468750000	-79.5219000000
83.7500000000	-79.5226000000
83.7531250000	-79.5320000000
83.7562500000	-79.5507000000
83.7593750000	-79.5788000000
83.7625000000	-79.6161000000
83.7656250000	-79.6622000000
83.7687500000	-79.7162000000
83.7718750000	-79.7767000000
83.7750000000	-79.8420000000
83.7781250000	-79.9097000000
83.7812500000	-79.9770000000
83.7843750000	-80.0413000000
83.7875000000	-80.0997000000
83.7906250000	-80.1495000000
83.7937500000	-80.1888000000
83.7968750000	-80.2162000000
83.8000000000	-80.2313000000
83.8031250000	-80.2347000000
83.8062500000	-80.2275000000
83.8093750000	-80.2117000000
83.8125000000	-80.1896000000
83.8156250000	-80.1634000000
83.8187500000	-80.1353000000
83.8218750000	-80.1069000000
83.8250000000	-80.0793000000
83.8281250000	-80.0529000000
83.8312500000	-80.0275000000
83.8343750000	-80.0025000000
83.8375000000	-79.9769000000
83.8406250000	-79.9495000000
83.8437500000	-79.9193000000
83.8468750000	-79.8854000000
83.8500000000	-79.8472000000
83.8531250000	-79.8046000000
83.8562500000	-79.7577000000
83.8593750000	-79.7074000000
83.8625000000	-79.6549000000
83.8656250000	-79.6019000000
83.8687500000	-79.5498000000
83.8718750000	-79.5007000000
83.8750000000	-79.4562000000
83.8781250000	-79.4182000000
83.8812500000	-79.3882000000
83.8843750000	-79.3672000000
83.8875000000	-79.3556000000
83.8906250000	-79.3535000000
83.8937500000	-79.3604000000
83.8968750000	-79.3755000000
83.9000000000	-79.3976000000
83.9031250000	-79.4248000000
83.9062500000	-79.4551000000
83.9093750000	-79.4862000000
83.9125000000	-79.5163000000
83.9156250000	-79.5436000000
83.9187500000	-79.5668000000
83.9218750000	-79.5851000000
83.9250000000	-79.5979000000
83.9281250000	-79.6054000000
83.9312500000	-79.6080000000
83.9343750000	-79.6066000000
83.9375000000	-79.6019000000
83.9406250000	-79.5953000000
83.9437500000	-79.5876000000
83.9468750000	-79.5797000000
83.9500000000	-79.5725000000
83.9531250000	-79.5667000000
83.9562500000	-79.5626000000
83.9593750000	-79.5606000000
83.9625000000	-79.5609000000
83.9656250000	-79.5639000000
83.9687500000	-79.5694000000
83.9718750000	-79.5775000000
83.9750000000	-79.5882000000
83.9781250000	-79.6014000000
83.9812500000	-79.6171000000
83.9843750000	-79.6350000000
83.9875000000	-79.6550000000
83.9906250000	-79.6768000000
83.9937500000	-79.7000000000
83.9968750000	-79.7244000000
84.0000000000	-79.7494000000
84.0031250000	-79.7747000000
84.0062500000	-79.8001000000
84.0093750000	-79.8254000000
84.0125000000	-79.8500000000
84.0156250000	-79.8737000000
84.0187500000	-79.8963000000
84.0218750000	-79.9177000000
84.0250000000	-79.9380000000
84.0281250000	-79.9569000000
84.0312500000	-79.9745000000
84.0343750000	-79.9906000000
84.0375000000	-80.0051000000
84.0406250000	-80.0177000000
84.0437500000	-80.0282000000
84.0468750000	-80.0364000000
84.0500000000	-80.0421000000
84.0531250000	-80.0446000000
84.0562500000	-80.0438000000
84.0593750000	-80.0393000000
84.0625000000	-80.0308000000
84.0656250000	-80.0183000000
84.0687500000	-80.0019000000
84.0718750000	-79.9818000000
84.0750000000	-79.9585000000
84.0781250000	-79.9329000000
84.0812500000	-79.9056000000
84.0843750000	-79.8776000000
84.0875000000	-79.8499000000
84.0906250000	-79.8232000000
84.0937500000	-79.7986000000
84.0968750000	-79.7765000000
84.1000000000	-79.7577000000
84.1031250000	-79.7421000000
84.1062500000	-79.7300000000
84.1093750000	-79.7211000000
84.1125000000	-79.7151000000
84.1156250000	-79.7118000000
84.1187500000	-79.7107000000
84.1218750000	-79.7115000000
84.1250000000	-79.7140000000
84.1281250000	-79.7184000000
84.1312500000	-79.7248000000
84.1343750000	-79.7333000000
84.1375000000	-79.7439000000
84.1406250000	-79.7566000000
84.1437500000	-79.7713000000
84.1468750000	-79.7876000000
84.1500000000	-79.8051000000
84.1531250000	-79.8228000000
84.1562500000	-79.8398000000
84.1593750000	-79.8549000000
84.1625000000	-79.8669000000
84.1656250000	-79.8749000000
84.1687500000	-79.8783000000
84.1718750000	-79.8772000000
84.1750000000	-79.8719000000
84.1781250000	-79.8633000000
84.1812500000	-79.8526000000
84.1843750000	-79.8414000000
84.1875000000	-79.8317000000
84.1906250000	-79.8250000000
84.1937500000	-79.8227000000
84.1968750000	-79.8256000000
84.2000000000	-79.8340000000
84.2031250000	-79.8475000000
84.2062500000	-79.8658000000
84.2093750000	-79.8877000000
84.2125000000	-79.9117000000
84.2156250000	-79.9358000000
84.2187500000	-79.9584000000
84.2218750000	-79.9778000000
84.2250000000	-79.9931000000
84.2281250000	-80.0036000000
84.2312500000	-80.0091000000
84.2343750000	-80.0101000000
84.2375000000	-80.0076000000
84.2406250000	-80.0026000000
84.2437500000	-79.9964000000
84.2468750000	-79.9903000000
84.2500000000	-79.9852000000
84.2531250000	-79.9817000000
84.2562500000	-79.9802000000
84.2593750000	-79.9811000000
84.2625000000	-79.9841000000
84.2656250000	-79.9884000000
84.2687500000	-79.9937000000
84.2718750000	-79.9993000000
84.2750000000	-80.0051000000
84.2781250000	-80.0108000000
84.2812500000	-80.0161000000
84.2843750000	-80.0211000000
84.2875000000	-80.0261000000
84.2906250000	-80.0314000000
84.2937500000	-80.0375000000
84.2968750000	-80.0447000000
84.3000000000	-80.0533000000
84.3031250000	-80.0634000000
84.3062500000	-80.0748000000
84.3093750000	-80.0871000000
84.3125000000	-80.1000000000
84.3156250000	-80.1130000000
84.3187500000	-80.1256000000
84.3218750000	-80.1371000000
84.3250000000	-80.1472000000
84.3281250000	-80.1557000000
84.3312500000	-80.1624000000
84.3343750000	-80.1675000000
84.3375000000	-80.1711000000
84.3406250000	-80.1733000000
84.3437500000	-80.1742000000
84.3468750000	-80.1741000000
84.3500000000	-80.1730000000
84.3531250000	-80.1710000000
84.3562500000	-80.1679000000
84.3593750000	-80.1639000000
84.3625000000	-80.1589000000
84.3656250000	-80.1533000000
84.3687500000	-80.1472000000
84.3718750000	-80.1410000000
84.3750000000	-80.1352000000
84.3781250000	-80.1304000000
84.3812500000	-80.1271000000
84.3843750000	-80.1261000000
84.3875000000	-80.1276000000
84.3906250000	-80.1320000000
84.3937500000	-80.1391000000
84.3968750000	-80.1488000000
84.4000000000	-80.1606000000
84.4031250000	-80.1740000000
84.4062500000	-80.1881000000
84.4093750000	-80.2017000000
84.4125000000	-80.2139000000
84.4156250000	-80.2236000000
84.4187500000	-80.2298000000
84.4218750000	-80.2315000000
84.4250000000	-80.2281000000
84.4281250000	-80.2191000000
84.4312500000	-80.2045000000
84.4343750000	-80.1848000000
84.4375000000	-80.1610000000
84.4406250000	-80.1342000000
84.4437500000	-80.1057000000
84.4468750000	-80.0772000000
84.4500000000	-80.0503000000
84.4531250000	-80.0265000000
84.4562500000	-80.0067000000
84.4593750000	-79.9915000000
84.4625000000	-79.9812000000
84.4656250000	-79.9753000000
84.4687500000	-79.9729000000
84.4718750000	-79.9728000000
84.4750000000	-79.9735000000
84.4781250000	-79.9734000000
84.4812500000	-79.9712000000
84.4843750000	-79.9658000000
84.4875000000	-79.9562000000
84.4906250000	-79.9420000000
84.4937500000	-79.9232000000
84.4968750000	-79.9002000000
84.5000000000	-79.8739000000
84.5031250000	-79.8452000000
84.5062500000	-79.8151000000
84.5093750000	-79.7845000000
84.5125000000	-79.7540000000
84.5156250000	-79.7242000000
84.5187500000	-79.6952000000
84.5218750000	-79.6673000000
84.5250000000	-79.6407000000
84.5281250000	-79.6157000000
84.5312500000	-79.5924000000
84.5343750000	-79.5712000000
84.5375000000	-79.5528000000
84.5406250000	-79.5382000000
84.5437500000	-79.5282000000
84.5468750000	-79.5237000000
84.5500000000	-79.5254000000
84.5531250000	-79.5337000000
84.5562500000	-79.5485000000
84.5593750000	-79.5694000000
84.5625000000	-79.5956000000
84.5656250000	-79.6263000000
84.5687500000	-79.6601000000
84.5718750000	-79.6955000000
84.5750000000	-79.7311000000
84.5781250000	-79.7656000000
84.5812500000	-79.7979000000
84.5843750000	-79.8276000000
84.5875000000	-79.8545000000
84.5906250000	-79.8786000000
84.5937500000	-79.9004000000
84.5968750000	-79.9203000000
84.6000000000	-79.9387000000
84.6031250000	-79.9559000000
84.6062500000	-79.9719000000
84.6093750000	-79.9867000000
84.6125000000	-79.9997000000
84.6156250000	-80.0105000000
84.6187500000	-80.0184000000
84.6218750000	-80.0227000000
84.6250000000	-80.0231000000
84.6281250000	-80.0194000000
84.6312500000	-80.0118000000
84.6343750000	-80.0008000000
84.6375000000	-79.9873000000
84.6406250000	-79.9725000000
84.6437500000	-79.9579000000
84.6468750000	-79.9449000000
84.6500000000	-79.9353000000
84.6531250000	-79.9302000000
84.6562500000	-79.9305000000
84.6593750000	-79.9369000000
84.6625000000	-79.9496000000
84.6656250000	-79.9683000000
84.6687500000	-79.9921000000
84.6718750000	-80.0196000000
84.6750000000	-80.0496000000
84.6781250000	-80.0801000000
84.6812500000	-80.1092000000
84.6843750000	-80.1353000000
84.6875000000	-80.1570000000
84.6906250000	-80.1732000000
84.6937500000	-80.1834000000
84.6968750000	-80.1875000000
84.7000000000	-80.1860000000
84.7031250000	-80.1796000000
84.7062500000	-80.1695000000
84.7093750000	-80.1569000000
84.7125000000	-80.1432000000
84.7156250000	-80.1293000000
84.7187500000	-80.1158000000
84.7218750000	-80.1030000000
84.7250000000	-80.0906000000
84.7281250000	-80.0780000000
84.7312500000	-80.0643000000
84.7343750000	-80.0482000000
84.7375000000	-80.0283000000
84.7406250000	-80.0031000000
84.7437500000	-79.9710000000
84.7468750000	-79.9307000000
84.7500000000	-79.8811000000
84.7531250000	-79.8208000000
84.7562500000	-79.7492000000
84.7593750000	-79.6660000000
84.7625000000	-79.5713000000
84.7656250000	-79.4656000000
84.7687500000	-79.3505000000
84.7718750000	-79.2286000000
84.7750000000	-79.1035000000
84.7781250000	-78.9794000000
84.7812500000	-78.8612000000
84.7843750000	-78.7539000000
84.7875000000	-78.6625000000
84.7906250000	-78.5915000000
84.7937500000	-78.5450000000
84.7968750000	-78.5253000000
84.8000000000	-78.5336000000
84.8031250000	-78.5695000000
84.8062500000	-78.6329000000
84.8093750000	-78.7220000000
84.8125000000	-78.8330000000
84.8156250000	-78.9617000000
84.8187500000	-79.1027000000
84.8218750000	-79.2504000000
84.8250000000	-79.3992000000
84.8281250000	-79.5440000000
84.8312500000	-79.6802000000
84.8343750000	-79.8045000000
84.8375000000	-79.9144000000
84.8406250000	-80.0087000000
84.8437500000	-80.0870000000
84.8468750000	-80.1497000000
84.8500000000	-80.1974000000
84.8531250000	-80.2316000000
84.8562500000	-80.2537000000
84.8593750000	-80.2655000000
84.8625000000	-80.2691000000
84.8656250000	-80.2664000000
84.8687500000	-80.2595000000
84.8718750000	-80.2504000000
84.8750000000	-80.2412000000
84.8781250000	-80.2332000000
84.8812500000	-80.2277000000
84.8843750000	-80.2254000000
84.8875000000	-80.2270000000
84.8906250000	-80.2323000000
84.8937500000	-80.2409000000
84.8968750000	-80.2520000000
84.9000000000	-80.2648000000
84.9031250000	-80.2780000000
84.9062500000	-80.2904000000
84.9093750000	-80.3008000000
84.9125000000	-80.3081000000
84.9156250000	-80.3116000000
84.9187500000	-80.3108000000
84.9218750000	-80.3053000000
84.9250000000	-80.2951000000
84.9281250000	-80.2803000000
84.9312500000	-80.2614000000
84.9343750000	-80.2392000000
84.9375000000	-80.2145000000
84.9406250000	-80.1880000000
84.9437500000	-80.1608000000
84.9468750000	-80.1334000000
84.9500000000	-80.1065000000
84.9531250000	-80.0803000000
84.9562500000	-80.0551000000
84.9593750000	-80.0309000000
84.9625000000	-80.0074000000
84.9656250000	-79.9841000000
84.9687500000	-79.9604000000
84.9718750000	-79.9358000000
84.9750000000	-79.9096000000
84.9781250000	-79.8813000000
84.9812500000	-79.8506000000
84.9843750000	-79.8177000000
84.9875000000	-79.7833000000
84.9906250000	-79.7486000000
84.9937500000	-79.7150000000
84.9968750000	-79.6843000000
85.0000000000	-79.6588000000
