75.0000000000	-79.9161000000
75.0031250000	-79.8979000000
75.0062500000	-79.8805000000
75.0093750000	-79.8646000000
75.0125000000	-79.8507000000
75.0156250000	-79.8397000000
75.0187500000	-79.8321000000
75.0218750000	-79.8284000000
75.0250000000	-79.8286000000
75.0281250000	-79.8330000000
75.0312500000	-79.8415000000
75.0343750000	-79.8538000000
75.0375000000	-79.8695000000
75.0406250000	-79.8883000000
75.0437500000	-79.9097000000
75.0468750000	-79.9330000000
75.0500000000	-79.9577000000
75.0531250000	-79.9833000000
75.0562500000	-80.0092000000
75.0593750000	-80.0349000000
75.0625000000	-80.0597000000
75.0656250000	-80.0829000000
75.0687500000	-80.1037000000
75.0718750000	-80.1211000000
75.0750000000	-80.1343000000
75.0781250000	-80.1423000000
75.0812500000	-80.1442000000
75.0843750000	-80.1394000000
75.0875000000	-80.1276000000
75.0906250000	-80.1088000000
75.0937500000	-80.0836000000
75.0968750000	-80.0532000000
75.1000000000	-80.0190000000
75.1031250000	-79.9825000000
75.1062500000	-79.9459000000
75.1093750000	-79.9112000000
75.1125000000	-79.8805000000
75.1156250000	-79.8553000000
75.1187500000	-79.8372000000
75.1218750000	-79.8271000000
75.1250000000	-79.8254000000
75.1281250000	-79.8322000000
75.1312500000	-79.8469000000
75.1343750000	-79.8687000000
75.1375000000	-79.8964000000
75.1406250000	-79.9285000000
75.1437500000	-79.9635000000
75.1468750000	-79.9997000000
75.1500000000	-80.0353000000
75.1531250000	-80.0685000000
75.1562500000	-80.0979000000
75.1593750000	-80.1223000000
75.1625000000	-80.1405000000
75.1656250000	-80.1518000000
75.1687500000	-80.1557000000
75.1718750000	-80.1525000000
75.1750000000	-80.1429000000
75.1781250000	-80.1276000000
75.1812500000	-80.1082000000
75.1843750000	-80.0861000000
75.1875000000	-80.0630000000
75.1906250000	-80.0402000000
75.1937500000	-80.0191000000
75.1968750000	-80.0004000000
75.2000000000	-79.9845000000
75.2031250000	-79.9712000000
75.2062500000	-79.9604000000
75.2093750000	-79.9515000000
75.2125000000	-79.9439000000
75.2156250000	-79.9365000000
75.2187500000	-79.9289000000
75.2218750000	-79.9209000000
75.2250000000	-79.9124000000
75.2281250000	-79.9038000000
75.2312500000	-79.8958000000
75.2343750000	-79.8891000000
75.2375000000	-79.8847000000
75.2406250000	-79.8837000000
75.2437500000	-79.8865000000
75.2468750000	-79.8935000000
75.2500000000	-79.9045000000
75.2531250000	-79.9193000000
75.2562500000	-79.9372000000
75.2593750000	-79.9573000000
75.2625000000	-79.9787000000
75.2656250000	-80.0003000000
75.2687500000	-80.0212000000
75.2718750000	-80.0406000000
75.2750000000	-80.0578000000
75.2781250000	-80.0725000000
75.2812500000	-80.0844000000
75.2843750000	-80.0935000000
75.2875000000	-80.0999000000
75.2906250000	-80.1036000000
75.2937500000	-80.1045000000
75.2968750000	-80.1028000000
75.3000000000	-80.0983000000
75.3031250000	-80.0909000000
75.3062500000	-80.0809000000
75.3093750000	-80.0682000000
75.3125000000	-80.0532000000
75.3156250000	-80.0365000000
75.3187500000	-80.0188000000
75.3218750000	-80.0013000000
75.3250000000	-79.9848000000
75.3281250000	-79.9705000000
75.3312500000	-79.9593000000
75.3343750000	-79.9522000000
75.3375000000	-79.9496000000
75.3406250000	-79.9517000000
75.3437500000	-79.9583000000
75.3468750000	-79.9689000000
75.3500000000	-79.9828000000
75.3531250000	-79.9993000000
75.3562500000	-80.0172000000
75.3593750000	-80.0356000000
75.3625000000	-80.0537000000
75.3656250000	-80.0706000000
75.3687500000	-80.0858000000
75.3718750000	-80.0990000000
75.3750000000	-80.1103000000
75.3781250000	-80.1195000000
75.3812500000	-80.1268000000
75.3843750000	-80.1322000000
75.3875000000	-80.1357000000
75.3906250000	-80.1373000000
75.3937500000	-80.1369000000
75.3968750000	-80.1344000000
75.4000000000	-80.1297000000
75.4031250000	-80.1227000000
75.4062500000	-80.1133000000
75.4093750000	-80.1018000000
75.4125000000	-80.0885000000
75.4156250000	-80.0741000000
75.4187500000	-80.0593000000
75.4218750000	-80.0448000000
75.4250000000	-80.0314000000
75.4281250000	-80.0198000000
75.4312500000	-80.0103000000
75.4343750000	-80.0032000000
75.4375000000	-79.9982000000
75.4406250000	-79.9945000000
75.4437500000	-79.9908000000
75.4468750000	-79.9859000000
75.4500000000	-79.9784000000
75.4531250000	-79.9673000000
75.4562500000	-79.9514000000
75.4593750000	-79.9303000000
75.4625000000	-79.9043000000
75.4656250000	-79.8741000000
75.4687500000	-79.8412000000
75.4718750000	-79.8076000000
75.4750000000	-79.7753000000
75.4781250000	-79.7465000000
75.4812500000	-79.7231000000
75.4843750000	-79.7069000000
75.4875000000	-79.6991000000
75.4906250000	-79.7001000000
75.4937500000	-79.7102000000
75.4968750000	-79.7287000000
75.5000000000	-79.7547000000
75.5031250000	-79.7865000000
75.5062500000	-79.8223000000
75.5093750000	-79.8602000000
75.5125000000	-79.8983000000
75.5156250000	-79.9349000000
75.5187500000	-79.9683000000
75.5218750000	-79.9972000000
75.5250000000	-80.0207000000
75.5281250000	-80.0384000000
75.5312500000	-80.0506000000
75.5343750000	-80.0580000000
75.5375000000	-80.0616000000
75.5406250000	-80.0627000000
75.5437500000	-80.0627000000
75.5468750000	-80.0633000000
75.5500000000	-80.0657000000
75.5531250000	-80.0708000000
75.5562500000	-80.0793000000
75.5593750000	-80.0914000000
75.5625000000	-80.1070000000
75.5656250000	-80.1254000000
75.5687500000	-80.1455000000
75.5718750000	-80.1659000000
75.5750000000	-80.1849000000
75.5781250000	-80.2009000000
75.5812500000	-80.2122000000
75.5843750000	-80.2177000000
75.5875000000	-80.2165000000
75.5906250000	-80.2083000000
75.5937500000	-80.1931000000
75.5968750000	-80.1719000000
75.6000000000	-80.1460000000
75.6031250000	-80.1170000000
75.6062500000	-80.0867000000
75.6093750000	-80.0569000000
75.6125000000	-80.0293000000
75.6156250000	-80.0052000000
75.6187500000	-79.9857000000
75.6218750000	-79.9711000000
75.6250000000	-79.9612000000
75.6281250000	-79.9554000000
75.6312500000	-79.9524000000
75.6343750000	-79.9509000000
75.6375000000	-79.9499000000
75.6406250000	-79.9481000000
75.6437500000	-79.9446000000
75.6468750000	-79.9391000000
75.6500000000	-79.9317000000
75.6531250000	-79.9228000000
75.6562500000	-79.9134000000
75.6593750000	-79.9045000000
75.6625000000	-79.8971000000
75.6656250000	-79.8923000000
75.6687500000	-79.8910000000
75.6718750000	-79.8936000000
75.6750000000	-79.9005000000
75.6781250000	-79.9117000000
75.6812500000	-79.9271000000
75.6843750000	-79.9462000000
75.6875000000	-79.9684000000
75.6906250000	-79.9932000000
75.6937500000	-80.0197000000
75.6968750000	-80.0470000000
75.7000000000	-80.0743000000
75.7031250000	-80.1003000000
75.7062500000	-80.1241000000
75.7093750000	-80.1444000000
75.7125000000	-80.1605000000
75.7156250000	-80.1715000000
75.7187500000	-80.1770000000
75.7218750000	-80.1767000000
75.7250000000	-80.1711000000
75.7281250000	-80.1609000000
75.7312500000	-80.1474000000
75.7343750000	-80.1317000000
75.7375000000	-80.1151000000
75.7406250000	-80.0989000000
75.7437500000	-80.0840000000
75.7468750000	-80.0711000000
75.7500000000	-80.0604000000
75.7531250000	-80.0518000000
75.7562500000	-80.0448000000
75.7593750000	-80.0386000000
75.7625000000	-80.0323000000
75.7656250000	-80.0248000000
75.7687500000	-80.0155000000
75.7718750000	-80.0039000000
75.7750000000	-79.9897000000
75.7781250000	-79.9734000000
75.7812500000	-79.9556000000
75.7843750000	-79.9373000000
75.7875000000	-79.9196000000
75.7906250000	-79.9037000000
75.7937500000	-79.8906000000
75.7968750000	-79.8811000000
75.8000000000	-79.8754000000
75.8031250000	-79.8736000000
75.8062500000	-79.8753000000
75.8093750000	-79.8799000000
75.8125000000	-79.8863000000
75.8156250000	-79.8933000000
75.8187500000	-79.8998000000
75.8218750000	-79.9046000000
75.8250000000	-79.9069000000
75.8281250000	-79.9061000000
75.8312500000	-79.9022000000
75.8343750000	-79.8954000000
75.8375000000	-79.8864000000
75.8406250000	-79.8763000000
75.8437500000	-79.8662000000
75.8468750000	-79.8573000000
75.8500000000	-79.8508000000
75.8531250000	-79.8478000000
75.8562500000	-79.8493000000
75.8593750000	-79.8560000000
75.8625000000	-79.8684000000
75.8656250000	-79.8864000000
75.8687500000	-79.9100000000
75.8718750000	-79.9385000000
75.8750000000	-79.9714000000
75.8781250000	-80.0077000000
75.8812500000	-80.0462000000
75.8843750000	-80.0859000000
75.8875000000	-80.1257000000
75.8906250000	-80.1646000000
75.8937500000	-80.2019000000
75.8968750000	-80.2367000000
75.9000000000	-80.2689000000
75.9031250000	-80.2980000000
75.9062500000	-80.3237000000
75.9093750000	-80.3458000000
75.9125000000	-80.3638000000
75.9156250000	-80.3774000000
75.9187500000	-80.3860000000
75.9218750000	-80.3890000000
75.9250000000	-80.3859000000
75.9281250000	-80.3761000000
75.9312500000	-80.3592000000
75.9343750000	-80.3350000000
75.9375000000	-80.3036000000
75.9406250000	-80.2657000000
75.9437500000	-80.2221000000
75.9468750000	-80.1740000000
75.9500000000	-80.1226000000
75.9531250000	-80.0693000000
75.9562500000	-80.0157000000
75.9593750000	-79.9633000000
75.9625000000	-79.9134000000
75.9656250000	-79.8670000000
75.9687500000	-79.8251000000
75.9718750000	-79.7883000000
75.9750000000	-79.7575000000
75.9781250000	-79.7330000000
75.9812500000	-79.7152000000
75.9843750000	-79.7045000000
75.9875000000	-79.7010000000
75.9906250000	-79.7047000000
75.9937500000	-79.7155000000
75.9968750000	-79.7332000000
76.0000000000	-79.7573000000
76.0031250000	-79.7870000000
76.0062500000	-79.8215000000
76.0093750000	-79.8597000000
76.0125000000	-79.9005000000
76.0156250000	-79.9427000000
76.0187500000	-79.9849000000
76.0218750000	-80.0260000000
76.0250000000	-80.0645000000
76.0281250000	-80.0993000000
76.0312500000	-80.1298000000
76.0343750000	-80.1555000000
76.0375000000	-80.1762000000
76.0406250000	-80.1916000000
76.0437500000	-80.2020000000
76.0468750000	-80.2077000000
76.0500000000	-80.2090000000
76.0531250000	-80.2065000000
76.0562500000	-80.2005000000
76.0593750000	-80.1916000000
76.0625000000	-80.1803000000
76.0656250000	-80.1671000000
76.0687500000	-80.1523000000
76.0718750000	-80.1362000000
76.0750000000	-80.1191000000
76.0781250000	-80.1009000000
76.0812500000	-80.0816000000
76.0843750000	-80.0613000000
76.0875000000	-80.0399000000
76.0906250000	-80.0176000000
76.0937500000	-79.9946000000
76.0968750000	-79.9714000000
76.1000000000	-79.9485000000
76.1031250000	-79.9264000000
76.1062500000	-79.9058000000
76.1093750000	-79.8875000000
76.1125000000	-79.8722000000
76.1156250000	-79.8604000000
76.1187500000	-79.8526000000
76.1218750000	-79.8487000000
76.1250000000	-79.8483000000
76.1281250000	-79.8506000000
76.1312500000	-79.8545000000
76.1343750000	-79.8587000000
76.1375000000	-79.8618000000
76.1406250000	-79.8623000000
76.1437500000	-79.8590000000
76.1468750000	-79.8511000000
76.1500000000	-79.8381000000
76.1531250000	-79.8202000000
76.1562500000	-79.7979000000
76.1593750000	-79.7723000000
76.1625000000	-79.7449000000
76.1656250000	-79.7169000000
76.1687500000	-79.6897000000
76.1718750000	-79.6646000000
76.1750000000	-79.6425000000
76.1781250000	-79.6239000000
76.1812500000	-79.6093000000
76.1843750000	-79.5984000000
76.1875000000	-79.5910000000
76.1906250000	-79.5867000000
76.1937500000	-79.5850000000
76.1968750000	-79.5853000000
76.2000000000	-79.5873000000
76.2031250000	-79.5912000000
76.2062500000	-79.5970000000
76.2093750000	-79.6055000000
76.2125000000	-79.6172000000
76.2156250000	-79.6331000000
76.2187500000	-79.6538000000
76.2218750000	-79.6799000000
76.2250000000	-79.7114000000
76.2281250000	-79.7479000000
76.2312500000	-79.7885000000
76.2343750000	-79.8318000000
76.2375000000	-79.8758000000
76.2406250000	-79.9181000000
76.2437500000	-79.9564000000
76.2468750000	-79.9886000000
76.2500000000	-80.0131000000
76.2531250000	-80.0289000000
76.2562500000	-80.0361000000
76.2593750000	-80.0351000000
76.2625000000	-80.0273000000
76.2656250000	-80.0149000000
76.2687500000	-79.9999000000
76.2718750000	-79.9844000000
76.2750000000	-79.9703000000
76.2781250000	-79.9588000000
76.2812500000	-79.9509000000
76.2843750000	-79.9470000000
76.2875000000	-79.9469000000
76.2906250000	-79.9498000000
76.2937500000	-79.9550000000
76.2968750000	-79.9612000000
76.3000000000	-79.9676000000
76.3031250000	-79.9733000000
76.3062500000	-79.9777000000
76.3093750000	-79.9803000000
76.3125000000	-79.9807000000
76.3156250000	-79.9789000000
76.3187500000	-79.9749000000
76.3218750000	-79.9690000000
76.3250000000	-79.9613000000
76.3281250000	-79.9522000000
76.3312500000	-79.9420000000
76.3343750000	-79.9315000000
76.3375000000	-79.9214000000
76.3406250000	-79.9127000000
76.3437500000	-79.9061000000
76.3468750000	-79.9027000000
76.3500000000	-79.9034000000
76.3531250000	-79.9090000000
76.3562500000	-79.9200000000
76.3593750000	-79.9368000000
76.3625000000	-79.9592000000
76.3656250000	-79.9870000000
76.3687500000	-80.0193000000
76.3718750000	-80.0548000000
76.3750000000	-80.0921000000
76.3781250000	-80.1294000000
76.3812500000	-80.1650000000
76.3843750000	-80.1973000000
76.3875000000	-80.2249000000
76.3906250000	-80.2467000000
76.3937500000	-80.2620000000
76.3968750000	-80.2704000000
76.4000000000	-80.2724000000
76.4031250000	-80.2682000000
76.4062500000	-80.2589000000
76.4093750000	-80.2455000000
76.4125000000	-80.2289000000
76.4156250000	-80.2102000000
76.4187500000	-80.1902000000
76.4218750000	-80.1697000000
76.4250000000	-80.1492000000
76.4281250000	-80.1290000000
76.4312500000	-80.1094000000
76.4343750000	-80.0906000000
76.4375000000	-80.0727000000
76.4406250000	-80.0558000000
76.4437500000	-80.0399000000
76.4468750000	-80.0253000000
76.4500000000	-80.0121000000
76.4531250000	-80.0006000000
76.4562500000	-79.9910000000
76.4593750000	-79.9837000000
76.4625000000	-79.9787000000
76.4656250000	-79.9763000000
76.4687500000	-79.9766000000
76.4718750000	-79.9792000000
76.4750000000	-79.9842000000
76.4781250000	-79.9912000000
76.4812500000	-80.0001000000
76.4843750000	-80.0105000000
76.4875000000	-80.0225000000
76.4906250000	-80.0355000000
76.4937500000	-80.0493000000
76.4968750000	-80.0636000000
76.5000000000	-80.0781000000
76.5031250000	-80.0926000000
76.5062500000	-80.1067000000
76.5093750000	-80.1201000000
76.5125000000	-80.1325000000
76.5156250000	-80.1436000000
76.5187500000	-80.1531000000
76.5218750000	-80.1607000000
76.5250000000	-80.1661000000
76.5281250000	-80.1693000000
76.5312500000	-80.1704000000
76.5343750000	-80.1697000000
76.5375000000	-80.1676000000
76.5406250000	-80.1644000000
76.5437500000	-80.1607000000
76.5468750000	-80.1570000000
76.5500000000	-80.1538000000
76.5531250000	-80.1512000000
76.5562500000	-80.1493000000
76.5593750000	-80.1480000000
76.5625000000	-80.1468000000
76.5656250000	-80.1452000000
76.5687500000	-80.1427000000
76.5718750000	-80.1385000000
76.5750000000	-80.1321000000
76.5781250000	-80.1230000000
76.5812500000	-80.1111000000
76.5843750000	-80.0963000000
76.5875000000	-80.0790000000
76.5906250000	-80.0597000000
76.5937500000	-80.0391000000
76.5968750000	-80.0183000000
76.6000000000	-79.9985000000
76.6031250000	-79.9806000000
76.6062500000	-79.9656000000
76.6093750000	-79.9541000000
76.6125000000	-79.9465000000
76.6156250000	-79.9431000000
76.6187500000	-79.9442000000
76.6218750000	-79.9496000000
76.6250000000	-79.9593000000
76.6281250000	-79.9729000000
76.6312500000	-79.9899000000
76.6343750000	-80.0098000000
76.6375000000	-80.0321000000
76.6406250000	-80.0561000000
76.6437500000	-80.0809000000
76.6468750000	-80.1060000000
76.6500000000	-80.1304000000
76.6531250000	-80.1533000000
76.6562500000	-80.1741000000
76.6593750000	-80.1918000000
76.6625000000	-80.2059000000
76.6656250000	-80.2160000000
76.6687500000	-80.2218000000
76.6718750000	-80.2232000000
76.6750000000	-80.2205000000
76.6781250000	-80.2142000000
76.6812500000	-80.2049000000
76.6843750000	-80.1933000000
76.6875000000	-80.1800000000
76.6906250000	-80.1659000000
76.6937500000	-80.1516000000
76.6968750000	-80.1376000000
76.7000000000	-80.1242000000
76.7031250000	-80.1115000000
76.7062500000	-80.0995000000
76.7093750000	-80.0883000000
76.7125000000	-80.0776000000
76.7156250000	-80.0673000000
76.7187500000	-80.0571000000
76.7218750000	-80.0470000000
76.7250000000	-80.0366000000
76.7281250000	-80.0258000000
76.7312500000	-80.0145000000
76.7343750000	-80.0027000000
76.7375000000	-79.9902000000
76.7406250000	-79.9772000000
76.7437500000	-79.9639000000
76.7468750000	-79.9504000000
76.7500000000	-79.9370000000
76.7531250000	-79.9241000000
76.7562500000	-79.9119000000
76.7593750000	-79.9009000000
76.7625000000	-79.8916000000
76.7656250000	-79.8845000000
76.7687500000	-79.8799000000
76.7718750000	-79.8779000000
76.7750000000	-79.8786000000
76.7781250000	-79.8819000000
76.7812500000	-79.8877000000
76.7843750000	-79.8954000000
76.7875000000	-79.9048000000
76.7906250000	-79.9153000000
76.7937500000	-79.9266000000
76.7968750000	-79.9378000000
76.8000000000	-79.9485000000
76.8031250000	-79.9578000000
76.8062500000	-79.9650000000
76.8093750000	-79.9694000000
76.8125000000	-79.9703000000
76.8156250000	-79.9676000000
76.8187500000	-79.9610000000
76.8218750000	-79.9507000000
76.8250000000	-79.9372000000
76.8281250000	-79.9214000000
76.8312500000	-79.9044000000
76.8343750000	-79.8874000000
76.8375000000	-79.8718000000
76.8406250000	-79.8586000000
76.8437500000	-79.8487000000
76.8468750000	-79.8430000000
76.8500000000	-79.8418000000
76.8531250000	-79.8451000000
76.8562500000	-79.8529000000
76.8593750000	-79.8644000000
76.8625000000	-79.8790000000
76.8656250000	-79.8959000000
76.8687500000	-79.9144000000
76.8718750000	-79.9339000000
76.8750000000	-79.9537000000
76.8781250000	-79.9730000000
76.8812500000	-79.9912000000
76.8843750000	-80.0075000000
76.8875000000	-80.0212000000
76.8906250000	-80.0312000000
76.8937500000	-80.0369000000
76.8968750000	-80.0374000000
76.9000000000	-80.0323000000
76.9031250000	-80.0213000000
76.9062500000	-80.0049000000
76.9093750000	-79.9836000000
76.9125000000	-79.9585000000
76.9156250000	-79.9311000000
76.9187500000	-79.9030000000
76.9218750000	-79.8757000000
76.9250000000	-79.8509000000
76.9281250000	-79.8301000000
76.9312500000	-79.8144000000
76.9343750000	-79.8046000000
76.9375000000	-79.8013000000
76.9406250000	-79.8047000000
76.9437500000	-79.8145000000
76.9468750000	-79.8306000000
76.9500000000	-79.8521000000
76.9531250000	-79.8784000000
76.9562500000	-79.9084000000
76.9593750000	-79.9411000000
76.9625000000	-79.9755000000
76.9656250000	-80.0105000000
76.9687500000	-80.0452000000
76.9718750000	-80.0783000000
76.9750000000	-80.1088000000
76.9781250000	-80.1359000000
76.9812500000	-80.1589000000
76.9843750000	-80.1773000000
76.9875000000	-80.1909000000
76.9906250000	-80.1993000000
76.9937500000	-80.2025000000
76.9968750000	-80.2010000000
77.0000000000	-80.1949000000
77.0031250000	-80.1847000000
77.0062500000	-80.1710000000
77.0093750000	-80.1543000000
77.0125000000	-80.1354000000
77.0156250000	-80.1149000000
77.0187500000	-80.0933000000
77.0218750000	-80.0713000000
77.0250000000	-80.0494000000
77.0281250000	-80.0279000000
77.0312500000	-80.0070000000
77.0343750000	-79.9866000000
77.0375000000	-79.9668000000
77.0406250000	-79.9470000000
77.0437500000	-79.9268000000
77.0468750000	-79.9054000000
77.0500000000	-79.8823000000
77.0531250000	-79.8571000000
77.0562500000	-79.8294000000
77.0593750000	-79.7985000000
77.0625000000	-79.7643000000
77.0656250000	-79.7268000000
77.0687500000	-79.6864000000
77.0718750000	-79.6433000000
77.0750000000	-79.5981000000
77.0781250000	-79.5518000000
77.0812500000	-79.5055000000
77.0843750000	-79.4607000000
77.0875000000	-79.4189000000
77.0906250000	-79.3818000000
77.0937500000	-79.3510000000
77.0968750000	-79.3282000000
77.1000000000	-79.3145000000
77.1031250000	-79.3110000000
77.1062500000	-79.3183000000
77.1093750000	-79.3364000000
77.1125000000	-79.3650000000
77.1156250000	-79.4030000000
77.1187500000	-79.4489000000
77.1218750000	-79.5011000000
77.1250000000	-79.5576000000
77.1281250000	-79.6163000000
77.1312500000	-79.6754000000
77.1343750000	-79.7334000000
77.1375000000	-79.7889000000
77.1406250000	-79.8410000000
77.1437500000	-79.8896000000
77.1468750000	-79.9345000000
77.1500000000	-79.9756000000
77.1531250000	-80.0128000000
77.1562500000	-80.0459000000
77.1593750000	-80.0744000000
77.1625000000	-80.0979000000
77.1656250000	-80.1157000000
77.1687500000	-80.1271000000
77.1718750000	-80.1319000000
77.1750000000	-80.1296000000
77.1781250000	-80.1203000000
77.1812500000	-80.1047000000
77.1843750000	-80.0837000000
77.1875000000	-80.0584000000
77.1906250000	-80.0305000000
77.1937500000	-80.0014000000
77.1968750000	-79.9724000000
77.2000000000	-79.9445000000
77.2031250000	-79.9184000000
77.2062500000	-79.8946000000
77.2093750000	-79.8732000000
77.2125000000	-79.8540000000
77.2156250000	-79.8368000000
77.2187500000	-79.8212000000
77.2218750000	-79.8069000000
77.2250000000	-79.7936000000
77.2281250000	-79.7811000000
77.2312500000	-79.7693000000
77.2343750000	-79.7582000000
77.2375000000	-79.7477000000
77.2406250000	-79.7375000000
77.2437500000	-79.7272000000
77.2468750000	-79.7163000000
77.2500000000	-79.7042000000
77.2531250000	-79.6899000000
77.2562500000	-79.6725000000
77.2593750000	-79.6509000000
77.2625000000	-79.6245000000
77.2656250000	-79.5927000000
77.2687500000	-79.5558000000
77.2718750000	-79.5145000000
77.2750000000	-79.4701000000
77.2781250000	-79.4247000000
77.2812500000	-79.3807000000
77.2843750000	-79.3406000000
77.2875000000	-79.3071000000
77.2906250000	-79.2827000000
77.2937500000	-79.2695000000
77.2968750000	-79.2687000000
77.3000000000	-79.2810000000
77.3031250000	-79.3064000000
77.3062500000	-79.3445000000
77.3093750000	-79.3937000000
77.3125000000	-79.4519000000
77.3156250000	-79.5164000000
77.3187500000	-79.5840000000
77.3218750000	-79.6515000000
77.3250000000	-79.7156000000
77.3281250000	-79.7736000000
77.3312500000	-79.8233000000
77.3343750000	-79.8632000000
77.3375000000	-79.8925000000
77.3406250000	-79.9117000000
77.3437500000	-79.9217000000
77.3468750000	-79.9242000000
77.3500000000	-79.9211000000
77.3531250000	-79.9146000000
77.3562500000	-79.9065000000
77.3593750000	-79.8985000000
77.3625000000	-79.8916000000
77.3656250000	-79.8860000000
77.3687500000	-79.8815000000
77.3718750000	-79.8773000000
77.3750000000	-79.8724000000
77.3781250000	-79.8653000000
77.3812500000	-79.8542000000
77.3843750000	-79.8380000000
77.3875000000	-79.8157000000
77.3906250000	-79.7870000000
77.3937500000	-79.7524000000
77.3968750000	-79.7127000000
77.4000000000	-79.6690000000
77.4031250000	-79.6228000000
77.4062500000	-79.5759000000
77.4093750000	-79.5297000000
77.4125000000	-79.4856000000
77.4156250000	-79.4450000000
77.4187500000	-79.4091000000
77.4218750000	-79.3790000000
77.4250000000	-79.3552000000
77.4281250000	-79.3382000000
77.4312500000	-79.3282000000
77.4343750000	-79.3249000000
77.4375000000	-79.3278000000
77.4406250000	-79.3361000000
77.4437500000	-79.3485000000
77.4468750000	-79.3635000000
77.4500000000	-79.3789000000
77.4531250000	-79.3930000000
77.4562500000	-79.4037000000
77.4593750000	-79.4092000000
77.4625000000	-79.4084000000
77.4656250000	-79.4008000000
77.4687500000	-79.3865000000
77.4718750000	-79.3663000000
77.4750000000	-79.3418000000
77.4781250000	-79.3150000000
77.4812500000	-79.2880000000
77.4843750000	-79.2629000000
77.4875000000	-79.2414000000
77.4906250000	-79.2249000000
77.4937500000	-79.2140000000
77.4968750000	-79.2092000000
77.5000000000	-79.2105000000
77.5031250000	-79.2176000000
77.5062500000	-79.2299000000
77.5093750000	-79.2466000000
77.5125000000	-79.2671000000
77.5156250000	-79.2910000000
77.5187500000	-79.3178000000
77.5218750000	-79.3474000000
77.5250000000	-79.3795000000
77.5281250000	-79.4142000000
77.5312500000	-79.4513000000
77.5343750000	-79.4905000000
77.5375000000	-79.5311000000
77.5406250000	-79.5723000000
77.5437500000	-79.6126000000
77.5468750000	-79.6508000000
77.5500000000	-79.6851000000
77.5531250000	-79.7139000000
77.5562500000	-79.7357000000
77.5593750000	-79.7490000000
77.5625000000	-79.7529000000
77.5656250000	-79.7467000000
77.5687500000	-79.7301000000
77.5718750000	-79.7040000000
77.5750000000	-79.6693000000
77.5781250000	-79.6278000000
77.5812500000	-79.5815000000
77.5843750000	-79.5330000000
77.5875000000	-79.4849000000
77.5906250000	-79.4400000000
77.5937500000	-79.4006000000
77.5968750000	-79.3690000000
77.6000000000	-79.3468000000
77.6031250000	-79.3349000000
77.6062500000	-79.3340000000
77.6093750000	-79.3442000000
77.6125000000	-79.3648000000
77.6156250000	-79.3946000000
77.6187500000	-79.4317000000
77.6218750000	-79.4742000000
77.6250000000	-79.5195000000
77.6281250000	-79.5651000000
77.6312500000	-79.6084000000
77.6343750000	-79.6464000000
77.6375000000	-79.6768000000
77.6406250000	-79.6971000000
77.6437500000	-79.7054000000
77.6468750000	-79.7000000000
77.6500000000	-79.6799000000
77.6531250000	-79.6447000000
77.6562500000	-79.5949000000
77.6593750000	-79.5314000000
77.6625000000	-79.4563000000
77.6656250000	-79.3722000000
77.6687500000	-79.2823000000
77.6718750000	-79.1903000000
77.6750000000	-79.0995000000
77.6781250000	-79.0134000000
77.6812500000	-78.9349000000
77.6843750000	-78.8662000000
77.6875000000	-78.8086000000
77.6906250000	-78.7624000000
77.6937500000	-78.7275000000
77.6968750000	-78.7030000000
77.7000000000	-78.6873000000
77.7031250000	-78.6786000000
77.7062500000	-78.6745000000
77.7093750000	-78.6731000000
77.7125000000	-78.6729000000
77.7156250000	-78.6732000000
77.7187500000	-78.6739000000
77.7218750000	-78.6758000000
77.7250000000	-78.6803000000
77.7281250000	-78.6893000000
77.7312500000	-78.7050000000
77.7343750000	-78.7291000000
77.7375000000	-78.7633000000
77.7406250000	-78.8083000000
77.7437500000	-78.8641000000
77.7468750000	-78.9300000000
77.7500000000	-79.0050000000
77.7531250000	-79.0869000000
77.7562500000	-79.1727000000
77.7593750000	-79.2594000000
77.7625000000	-79.3439000000
77.7656250000	-79.4230000000
77.7687500000	-79.4939000000
77.7718750000	-79.5546000000
77.7750000000	-79.6040000000
77.7781250000	-79.6417000000
77.7812500000	-79.6678000000
77.7843750000	-79.6835000000
77.7875000000	-79.6899000000
77.7906250000	-79.6887000000
77.7937500000	-79.6818000000
77.7968750000	-79.6708000000
77.8000000000	-79.6573000000
77.8031250000	-79.6430000000
77.8062500000	-79.6290000000
77.8093750000	-79.6163000000
77.8125000000	-79.6055000000
77.8156250000	-79.5967000000
77.8187500000	-79.5899000000
77.8218750000	-79.5844000000
77.8250000000	-79.5795000000
77.8281250000	-79.5740000000
77.8312500000	-79.5668000000
77.8343750000	-79.5566000000
77.8375000000	-79.5421000000
77.8406250000	-79.5221000000
77.8437500000	-79.4958000000
77.8468750000	-79.4629000000
77.8500000000	-79.4236000000
77.8531250000	-79.3784000000
77.8562500000	-79.3283000000
77.8593750000	-79.2746000000
77.8625000000	-79.2190000000
77.8656250000	-79.1635000000
77.8687500000	-79.1098000000
77.8718750000	-79.0600000000
77.8750000000	-79.0157000000
77.8781250000	-78.9783000000
77.8812500000	-78.9492000000
77.8843750000	-78.9291000000
77.8875000000	-78.9187000000
77.8906250000	-78.9181000000
77.8937500000	-78.9270000000
77.8968750000	-78.9448000000
77.9000000000	-78.9703000000
77.9031250000	-79.0023000000
77.9062500000	-79.0393000000
77.9093750000	-79.0794000000
77.9125000000	-79.1205000000
77.9156250000	-79.1604000000
77.9187500000	-79.1966000000
77.9218750000	-79.2274000000
77.9250000000	-79.2511000000
77.9281250000	-79.2664000000
77.9312500000	-79.2722000000
77.9343750000	-79.2683000000
77.9375000000	-79.2545000000
77.9406250000	-79.2310000000
77.9437500000	-79.1985000000
77.9468750000	-79.1576000000
77.9500000000	-79.1091000000
77.9531250000	-79.0537000000
77.9562500000	-78.9922000000
77.9593750000	-78.9258000000
77.9625000000	-78.8555000000
77.9656250000	-78.7829000000
77.9687500000	-78.7098000000
77.9718750000	-78.6384000000
77.9750000000	-78.5713000000
77.9781250000	-78.5114000000
77.9812500000	-78.4615000000
77.9843750000	-78.4242000000
77.9875000000	-78.4016000000
77.9906250000	-78.3946000000
77.9937500000	-78.4034000000
77.9968750000	-78.4280000000
78.0000000000	-78.4675000000
78.0031250000	-78.5200000000
78.0062500000	-78.5826000000
78.0093750000	-78.6520000000
78.0125000000	-78.7246000000
78.0156250000	-78.7969000000
78.0187500000	-78.8657000000
78.0218750000	-78.9287000000
78.0250000000	-78.9840000000
78.0281250000	-79.0307000000
78.0312500000	-79.0686000000
78.0343750000	-79.0983000000
78.0375000000	-79.1209000000
78.0406250000	-79.1376000000
78.0437500000	-79.1496000000
78.0468750000	-79.1581000000
78.0500000000	-79.1640000000
78.0531250000	-79.1681000000
78.0562500000	-79.1709000000
78.0593750000	-79.1727000000
78.0625000000	-79.1737000000
78.0656250000	-79.1738000000
78.0687500000	-79.1730000000
78.0718750000	-79.1714000000
78.0750000000	-79.1689000000
78.0781250000	-79.1656000000
78.0812500000	-79.1614000000
78.0843750000	-79.1565000000
78.0875000000	-79.1508000000
78.0906250000	-79.1444000000
78.0937500000	-79.1375000000
78.0968750000	-79.1301000000
78.1000000000	-79.1226000000
78.1031250000	-79.1152000000
78.1062500000	-79.1082000000
78.1093750000	-79.1020000000
78.1125000000	-79.0970000000
78.1156250000	-79.0934000000
78.1187500000	-79.0917000000
78.1218750000	-79.0920000000
78.1250000000	-79.0946000000
78.1281250000	-79.0994000000
78.1312500000	-79.1063000000
78.1343750000	-79.1149000000
78.1375000000	-79.1249000000
78.1406250000	-79.1357000000
78.1437500000	-79.1466000000
78.1468750000	-79.1571000000
78.1500000000	-79.1670000000
78.1531250000	-79.1759000000
78.1562500000	-79.1834000000
78.1593750000	-79.1891000000
78.1625000000	-79.1928000000
78.1656250000	-79.1942000000
78.1687500000	-79.1932000000
78.1718750000	-79.1896000000
78.1750000000	-79.1831000000
78.1781250000	-79.1735000000
78.1812500000	-79.1602000000
78.1843750000	-79.1428000000
78.1875000000	-79.1207000000
78.1906250000	-79.0929000000
78.1937500000	-79.0586000000
78.1968750000	-79.0166000000
78.2000000000	-78.9659000000
78.2031250000	-78.9057000000
78.2062500000	-78.8354000000
78.2093750000	-78.7552000000
78.2125000000	-78.6660000000
78.2156250000	-78.5694000000
78.2187500000	-78.4680000000
78.2218750000	-78.3652000000
78.2250000000	-78.2649000000
78.2281250000	-78.1712000000
78.2312500000	-78.0885000000
78.2343750000	-78.0203000000
78.2375000000	-77.9695000000
78.2406250000	-77.9380000000
78.2437500000	-77.9260000000
78.2468750000	-77.9336000000
78.2500000000	-77.9598000000
78.2531250000	-78.0027000000
78.2562500000	-78.0591000000
78.2593750000	-78.1252000000
78.2625000000	-78.1970000000
78.2656250000	-78.2703000000
78.2687500000	-78.3416000000
78.2718750000	-78.4076000000
78.2750000000	-78.4661000000
78.2781250000	-78.5157000000
78.2812500000	-78.5559000000
78.2843750000	-78.5867000000
78.2875000000	-78.6091000000
78.2906250000	-78.6241000000
78.2937500000	-78.6331000000
78.2968750000	-78.6375000000
78.3000000000	-78.6386000000
78.3031250000	-78.6378000000
78.3062500000	-78.6361000000
78.3093750000	-78.6340000000
78.3125000000	-78.6320000000
78.3156250000	-78.6306000000
78.3187500000	-78.6297000000
78.3218750000	-78.6291000000
78.3250000000	-78.6288000000
78.3281250000	-78.6286000000
78.3312500000	-78.6282000000
78.3343750000	-78.6274000000
78.3375000000	-78.6261000000
78.3406250000	-78.6242000000
78.3437500000	-78.6217000000
78.3468750000	-78.6187000000
78.3500000000	-78.6153000000
78.3531250000	-78.6114000000
78.3562500000	-78.6066000000
78.3593750000	-78.6006000000
78.3625000000	-78.5929000000
78.3656250000	-78.5829000000
78.3687500000	-78.5701000000
78.3718750000	-78.5537000000
78.3750000000	-78.5334000000
78.3781250000	-78.5090000000
78.3812500000	-78.4809000000
78.3843750000	-78.4496000000
78.3875000000	-78.4162000000
78.3906250000	-78.3819000000
78.3937500000	-78.3483000000
78.3968750000	-78.3171000000
78.4000000000	-78.2898000000
78.4031250000	-78.2679000000
78.4062500000	-78.2524000000
78.4093750000	-78.2442000000
78.4125000000	-78.2441000000
78.4156250000	-78.2522000000
78.4187500000	-78.2680000000
78.4218750000	-78.2907000000
78.4250000000	-78.3191000000
78.4281250000	-78.3513000000
78.4312500000	-78.3856000000
78.4343750000	-78.4197000000
78.4375000000	-78.4511000000
78.4406250000	-78.4770000000
78.4437500000	-78.4943000000
78.4468750000	-78.5002000000
78.4500000000	-78.4917000000
78.4531250000	-78.4664000000
78.4562500000	-78.4227000000
78.4593750000	-78.3600000000
78.4625000000	-78.2790000000
78.4656250000	-78.1820000000
78.4687500000	-78.0726000000
78.4718750000	-77.9560000000
78.4750000000	-77.8377000000
78.4781250000	-77.7241000000
78.4812500000	-77.6213000000
78.4843750000	-77.5350000000
78.4875000000	-77.4698000000
78.4906250000	-77.4290000000
78.4937500000	-77.4141000000
78.4968750000	-77.4253000000
78.5000000000	-77.4624000000
78.5031250000	-77.5234000000
78.5062500000	-77.6046000000
78.5093750000	-77.7011000000
78.5125000000	-77.8071000000
78.5156250000	-77.9165000000
78.5187500000	-78.0235000000
78.5218750000	-78.1224000000
78.5250000000	-78.2090000000
78.5281250000	-78.2802000000
78.5312500000	-78.3342000000
78.5343750000	-78.3709000000
78.5375000000	-78.3911000000
78.5406250000	-78.3968000000
78.5437500000	-78.3902000000
78.5468750000	-78.3736000000
78.5500000000	-78.3496000000
78.5531250000	-78.3202000000
78.5562500000	-78.2874000000
78.5593750000	-78.2526000000
78.5625000000	-78.2175000000
78.5656250000	-78.1828000000
78.5687500000	-78.1493000000
78.5718750000	-78.1176000000
78.5750000000	-78.0883000000
78.5781250000	-78.0616000000
78.5812500000	-78.0381000000
78.5843750000	-78.0178000000
78.5875000000	-78.0011000000
78.5906250000	-77.9883000000
78.5937500000	-77.9796000000
78.5968750000	-77.9751000000
78.6000000000	-77.9751000000
78.6031250000	-77.9797000000
78.6062500000	-77.9890000000
78.6093750000	-78.0029000000
78.6125000000	-78.0212000000
78.6156250000	-78.0434000000
78.6187500000	-78.0688000000
78.6218750000	-78.0962000000
78.6250000000	-78.1243000000
78.6281250000	-78.1517000000
78.6312500000	-78.1767000000
78.6343750000	-78.1980000000
78.6375000000	-78.2141000000
78.6406250000	-78.2239000000
78.6437500000	-78.2269000000
78.6468750000	-78.2226000000
78.6500000000	-78.2115000000
78.6531250000	-78.1941000000
78.6562500000	-78.1715000000
78.6593750000	-78.1447000000
78.6625000000	-78.1151000000
78.6656250000	-78.0842000000
78.6687500000	-78.0532000000
78.6718750000	-78.0231000000
78.6750000000	-77.9947000000
78.6781250000	-77.9682000000
78.6812500000	-77.9434000000
78.6843750000	-77.9196000000
78.6875000000	-77.8957000000
78.6906250000	-77.8700000000
78.6937500000	-77.8406000000
78.6968750000	-77.8054000000
78.7000000000	-77.7622000000
78.7031250000	-77.7088000000
78.7062500000	-77.6432000000
78.7093750000	-77.5647000000
78.7125000000	-77.4732000000
78.7156250000	-77.3699000000
78.7187500000	-77.2575000000
78.7218750000	-77.1396000000
78.7250000000	-77.0208000000
78.7281250000	-76.9061000000
78.7312500000	-76.8007000000
78.7343750000	-76.7098000000
78.7375000000	-76.6376000000
78.7406250000	-76.5877000000
78.7437500000	-76.5616000000
78.7468750000	-76.5596000000
78.7500000000	-76.5816000000
78.7531250000	-76.6263000000
78.7562500000	-76.6910000000
78.7593750000	-76.7714000000
78.7625000000	-76.8626000000
78.7656250000	-76.9591000000
78.7687500000	-77.0552000000
78.7718750000	-77.1458000000
78.7750000000	-77.2263000000
78.7781250000	-77.2935000000
78.7812500000	-77.3452000000
78.7843750000	-77.3806000000
78.7875000000	-77.4001000000
78.7906250000	-77.4050000000
78.7937500000	-77.3973000000
78.7968750000	-77.3795000000
78.8000000000	-77.3540000000
78.8031250000	-77.3233000000
78.8062500000	-77.2898000000
78.8093750000	-77.2555000000
78.8125000000	-77.2220000000
78.8156250000	-77.1904000000
78.8187500000	-77.1616000000
78.8218750000	-77.1360000000
78.8250000000	-77.1136000000
78.8281250000	-77.0942000000
78.8312500000	-77.0773000000
78.8343750000	-77.0624000000
78.8375000000	-77.0486000000
78.8406250000	-77.0352000000
78.8437500000	-77.0214000000
78.8468750000	-77.0063000000
78.8500000000	-76.9894000000
78.8531250000	-76.9703000000
78.8562500000	-76.9490000000
78.8593750000	-76.9251000000
78.8625000000	-76.8986000000
78.8656250000	-76.8697000000
78.8687500000	-76.8386000000
78.8718750000	-76.8055000000
78.8750000000	-76.7708000000
78.8781250000	-76.7352000000
78.8812500000	-76.6991000000
78.8843750000	-76.6635000000
78.8875000000	-76.6290000000
78.8906250000	-76.5965000000
78.8937500000	-76.5667000000
78.8968750000	-76.5401000000
78.9000000000	-76.5170000000
78.9031250000	-76.4977000000
78.9062500000	-76.4821000000
78.9093750000	-76.4697000000
78.9125000000	-76.4602000000
78.9156250000	-76.4525000000
78.9187500000	-76.4458000000
78.9218750000	-76.4389000000
78.9250000000	-76.4308000000
78.9281250000	-76.4207000000
78.9312500000	-76.4075000000
78.9343750000	-76.3907000000
78.9375000000	-76.3697000000
78.9406250000	-76.3439000000
78.9437500000	-76.3130000000
78.9468750000	-76.2766000000
78.9500000000	-76.2338000000
78.9531250000	-76.1839000000
78.9562500000	-76.1260000000
78.9593750000	-76.0594000000
78.9625000000	-75.9838000000
78.9656250000	-75.8993000000
78.9687500000	-75.8069000000
78.9718750000	-75.7081000000
78.9750000000	-75.6055000000
78.9781250000	-75.5023000000
78.9812500000	-75.4023000000
78.9843750000	-75.3094000000
78.9875000000	-75.2276000000
78.9906250000	-75.1604000000
78.9937500000	-75.1103000000
78.9968750000	-75.0787000000
79.0000000000	-75.0662000000
79.0031250000	-75.0729000000
79.0062500000	-75.0974000000
79.0093750000	-75.1371000000
79.0125000000	-75.1883000000
79.0156250000	-75.2468000000
79.0187500000	-75.3082000000
79.0218750000	-75.3678000000
79.0250000000	-75.4215000000
79.0281250000	-75.4660000000
79.0312500000	-75.4989000000
79.0343750000	-75.5193000000
79.0375000000	-75.5270000000
79.0406250000	-75.5235000000
79.0437500000	-75.5106000000
79.0468750000	-75.4907000000
79.0500000000	-75.4663000000
79.0531250000	-75.4399000000
79.0562500000	-75.4134000000
79.0593750000	-75.3883000000
79.0625000000	-75.3654000000
79.0656250000	-75.3448000000
79.0687500000	-75.3264000000
79.0718750000	-75.3090000000
79.0750000000	-75.2916000000
79.0781250000	-75.2730000000
79.0812500000	-75.2521000000
79.0843750000	-75.2278000000
79.0875000000	-75.1995000000
79.0906250000	-75.1668000000
79.0937500000	-75.1298000000
79.0968750000	-75.0891000000
79.1000000000	-75.0456000000
79.1031250000	-75.0007000000
79.1062500000	-74.9558000000
79.1093750000	-74.9122000000
79.1125000000	-74.8712000000
79.1156250000	-74.8341000000
79.1187500000	-74.8018000000
79.1218750000	-74.7747000000
79.1250000000	-74.7530000000
79.1281250000	-74.7362000000
79.1312500000	-74.7236000000
79.1343750000	-74.7141000000
79.1375000000	-74.7063000000
79.1406250000	-74.6986000000
79.1437500000	-74.6891000000
79.1468750000	-74.6761000000
79.1500000000	-74.6581000000
79.1531250000	-74.6338000000
79.1562500000	-74.6024000000
79.1593750000	-74.5636000000
79.1625000000	-74.5177000000
79.1656250000	-74.4653000000
79.1687500000	-74.4074000000
79.1718750000	-74.3451000000
79.1750000000	-74.2798000000
79.1781250000	-74.2126000000
79.1812500000	-74.1447000000
79.1843750000	-74.0767000000
79.1875000000	-74.0091000000
79.1906250000	-73.9419000000
79.1937500000	-73.8749000000
79.1968750000	-73.8074000000
79.2000000000	-73.7386000000
79.2031250000	-73.6677000000
79.2062500000	-73.5936000000
79.2093750000	-73.5159000000
79.2125000000	-73.4342000000
79.2156250000	-73.3486000000
79.2187500000	-73.2599000000
79.2218750000	-73.1694000000
79.2250000000	-73.0791000000
79.2281250000	-72.9912000000
79.2312500000	-72.9085000000
79.2343750000	-72.8337000000
79.2375000000	-72.7690000000
79.2406250000	-72.7162000000
79.2437500000	-72.6761000000
79.2468750000	-72.6486000000
79.2500000000	-72.6329000000
79.2531250000	-72.6279000000
79.2562500000	-72.6317000000
79.2593750000	-72.6417000000
79.2625000000	-72.6551000000
79.2656250000	-72.6690000000
79.2687500000	-72.6807000000
79.2718750000	-72.6881000000
79.2750000000	-72.6900000000
79.2781250000	-72.6856000000
79.2812500000	-72.6750000000
79.2843750000	-72.6587000000
79.2875000000	-72.6373000000
79.2906250000	-72.6116000000
79.2937500000	-72.5825000000
79.2968750000	-72.5504000000
79.3000000000	-72.5158000000
79.3031250000	-72.4788000000
79.3062500000	-72.4395000000
79.3093750000	-72.3980000000
79.3125000000	-72.3540000000
79.3156250000	-72.3074000000
79.3187500000	-72.2580000000
79.3218750000	-72.2053000000
79.3250000000	-72.1487000000
79.3281250000	-72.0879000000
79.3312500000	-72.0224000000
79.3343750000	-71.9520000000
79.3375000000	-71.8760000000
79.3406250000	-71.7943000000
79.3437500000	-71.7070000000
79.3468750000	-71.6144000000
79.3500000000	-71.5173000000
79.3531250000	-71.4161000000
79.3562500000	-71.3118000000
79.3593750000	-71.2054000000
79.3625000000	-71.0980000000
79.3656250000	-70.9906000000
79.3687500000	-70.8843000000
79.3718750000	-70.7802000000
79.3750000000	-70.6792000000
79.3781250000	-70.5827000000
79.3812500000	-70.4923000000
79.3843750000	-70.4093000000
79.3875000000	-70.3352000000
79.3906250000	-70.2710000000
79.3937500000	-70.2175000000
79.3968750000	-70.1748000000
79.4000000000	-70.1423000000
79.4031250000	-70.1187000000
79.4062500000	-70.1029000000
79.4093750000	-70.0927000000
79.4125000000	-70.0857000000
79.4156250000	-70.0790000000
79.4187500000	-70.0701000000
79.4218750000	-70.0563000000
79.4250000000	-70.0357000000
79.4281250000	-70.0069000000
79.4312500000	-69.9691000000
79.4343750000	-69.9224000000
79.4375000000	-69.8671000000
79.4406250000	-69.8044000000
79.4437500000	-69.7352000000
79.4468750000	-69.6608000000
79.4500000000	-69.5821000000
79.4531250000	-69.5000000000
79.4562500000	-69.4155000000
79.4593750000	-69.3290000000
79.4625000000	-69.2412000000
79.4656250000	-69.1525000000
79.4687500000	-69.0633000000
79.4718750000	-68.9740000000
79.4750000000	-68.8850000000
79.4781250000	-68.7968000000
79.4812500000	-68.7100000000
79.4843750000	-68.6254000000
79.4875000000	-68.5435000000
79.4906250000	-68.4646000000
79.4937500000	-68.3888000000
79.4968750000	-68.3159000000
79.5000000000	-68.2454000000
79.5031250000	-68.1766000000
79.5062500000	-68.1090000000
79.5093750000	-68.0414000000
79.5125000000	-67.9727000000
79.5156250000	-67.9020000000
79.5187500000	-67.8283000000
79.5218750000	-67.7511000000
79.5250000000	-67.6700000000
79.5281250000	-67.5849000000
79.5312500000	-67.4962000000
79.5343750000	-67.4043000000
79.5375000000	-67.3099000000
79.5406250000	-67.2136000000
79.5437500000	-67.1161000000
79.5468750000	-67.0178000000
79.5500000000	-66.9193000000
79.5531250000	-66.8211000000
79.5562500000	-66.7232000000
79.5593750000	-66.6257000000
79.5625000000	-66.5282000000
79.5656250000	-66.4306000000
79.5687500000	-66.3321000000
79.5718750000	-66.2322000000
79.5750000000	-66.1299000000
79.5781250000	-66.0243000000
79.5812500000	-65.9143000000
79.5843750000	-65.7991000000
79.5875000000	-65.6777000000
79.5906250000	-65.5497000000
79.5937500000	-65.4149000000
79.5968750000	-65.2739000000
79.6000000000	-65.1274000000
79.6031250000	-64.9771000000
79.6062500000	-64.8247000000
79.6093750000	-64.6721000000
79.6125000000	-64.5214000000
79.6156250000	-64.3744000000
79.6187500000	-64.2323000000
79.6218750000	-64.0959000000
79.6250000000	-63.9650000000
79.6281250000	-63.8392000000
79.6312500000	-63.7172000000
79.6343750000	-63.5970000000
79.6375000000	-63.4763000000
79.6406250000	-63.3527000000
79.6437500000	-63.2239000000
79.6468750000	-63.0880000000
79.6500000000	-62.9439000000
79.6531250000	-62.7910000000
79.6562500000	-62.6296000000
79.6593750000	-62.4606000000
79.6625000000	-62.2851000000
79.6656250000	-62.1046000000
79.6687500000	-61.9205000000
79.6718750000	-61.7340000000
79.6750000000	-61.5458000000
79.6781250000	-61.3560000000
79.6812500000	-61.1642000000
79.6843750000	-60.9695000000
79.6875000000	-60.7708000000
79.6906250000	-60.5671000000
79.6937500000	-60.3572000000
79.6968750000	-60.1402000000
79.7000000000	-59.9160000000
79.7031250000	-59.6848000000
79.7062500000	-59.4476000000
79.7093750000	-59.2055000000
79.7125000000	-58.9602000000
79.7156250000	-58.7134000000
79.7187500000	-58.4666000000
79.7218750000	-58.2215000000
79.7250000000	-57.9792000000
79.7281250000	-57.7405000000
79.7312500000	-57.5057000000
79.7343750000	-57.2746000000
79.7375000000	-57.0465000000
79.7406250000	-56.8204000000
79.7437500000	-56.5950000000
79.7468750000	-56.3689000000
79.7500000000	-56.1404000000
79.7531250000	-55.9080000000
79.7562500000	-55.6699000000
79.7593750000	-55.4250000000
79.7625000000	-55.1725000000
79.7656250000	-54.9116000000
79.7687500000	-54.6421000000
79.7718750000	-54.3640000000
79.7750000000	-54.0776000000
79.7781250000	-53.7836000000
79.7812500000	-53.4828000000
79.7843750000	-53.1760000000
79.7875000000	-52.8642000000
79.7906250000	-52.5480000000
79.7937500000	-52.2279000000
79.7968750000	-51.9046000000
79.8000000000	-51.5783000000
79.8031250000	-51.2493000000
79.8062500000	-50.9177000000
79.8093750000	-50.5839000000
79.8125000000	-50.2482000000
79.8156250000	-49.9110000000
79.8187500000	-49.5730000000
79.8218750000	-49.2347000000
79.8250000000	-48.8966000000
79.8281250000	-48.5592000000
79.8312500000	-48.2230000000
79.8343750000	-47.8880000000
79.8375000000	-47.5540000000
79.8406250000	-47.2200000000
79.8437500000	-46.8849000000
79.8468750000	-46.5471000000
79.8500000000	-46.2049000000
79.8531250000	-45.8566000000
79.8562500000	-45.5008000000
79.8593750000	-45.1364000000
79.8625000000	-44.7628000000
79.8656250000	-44.3801000000
79.8687500000	-43.9887000000
79.8718750000	-43.5897000000
79.8750000000	-43.1843000000
79.8781250000	-42.7738000000
79.8812500000	-42.3586000000
79.8843750000	-41.9384000000
79.8875000000	-41.5116000000
79.8906250000	-41.0745000000
79.8937500000	-40.6211000000
79.8968750000	-40.1419000000
79.9000000000	-39.6224000000
79.9031250000	-39.0419000000
79.9062500000	-38.3717000000
79.9093750000	-37.5763000000
79.9125000000	-36.6168000000
79.9156250000	-35.4608000000
79.9187500000	-34.0936000000
79.9218750000	-32.5273000000
79.9250000000	-30.7981000000
79.9281250000	-28.9562000000
79.9312500000	-27.0535000000
79.9343750000	-25.1349000000
79.9375000000	-23.2356000000
79.9406250000	-21.3811000000
79.9437500000	-19.5895000000
79.9468750000	-17.8733000000
79.9500000000	-16.2410000000
79.9531250000	-14.6984000000
79.9562500000	-13.2496000000
79.9593750000	-11.8972000000
79.9625000000	-10.6433000000
79.9656250000	-9.4892000000
79.9687500000	-8.4359000000
79.9718750000	-7.4841000000
79.9750000000	-6.6343000000
79.9781250000	-5.8869000000
79.9812500000	-5.2422000000
79.9843750000	-4.7004000000
79.9875000000	-4.2617000000
79.9906250000	-3.9261000000
79.9937500000	-3.6936000000
79.9968750000	-3.5637000000
80.0000000000	-3.5341000000
80.0031250000	-3.6037000000
80.0062500000	-3.7747000000
80.0093750000	-4.0486000000
80.0125000000	-4.4258000000
80.0156250000	-4.9060000000
80.0187500000	-5.4893000000
80.0218750000	-6.1754000000
80.0250000000	-6.9642000000
80.0281250000	-7.8553000000
80.0312500000	-8.8482000000
80.0343750000	-9.9425000000
80.0375000000	-11.1373000000
80.0406250000	-12.4316000000
80.0437500000	-13.8238000000
80.0468750000	-15.3116000000
80.0500000000	-16.8919000000
80.0531250000	-18.5603000000
80.0562500000	-20.3099000000
80.0593750000	-22.1310000000
80.0625000000	-24.0095000000
80.0656250000	-25.9248000000
80.0687500000	-27.8480000000
80.0718750000	-29.7403000000
80.0750000000	-31.5535000000
80.0781250000	-33.2343000000
80.0812500000	-34.7350000000
80.0843750000	-36.0260000000
80.0875000000	-37.1045000000
80.0906250000	-37.9925000000
80.0937500000	-38.7268000000
80.0968750000	-39.3466000000
80.1000000000	-39.8864000000
80.1031250000	-40.3729000000
80.1062500000	-40.8253000000
80.1093750000	-41.2570000000
80.1125000000	-41.6764000000
80.1156250000	-42.0892000000
80.1187500000	-42.4982000000
80.1218750000	-42.9047000000
80.1250000000	-43.3085000000
80.1281250000	-43.7088000000
80.1312500000	-44.1041000000
80.1343750000	-44.4932000000
80.1375000000	-44.8749000000
80.1406250000	-45.2485000000
80.1437500000	-45.6136000000
80.1468750000	-45.9706000000
80.1500000000	-46.3201000000
80.1531250000	-46.6633000000
80.1562500000	-47.0014000000
80.1593750000	-47.3357000000
80.1625000000	-47.6674000000
80.1656250000	-47.9974000000
80.1687500000	-48.3262000000
80.1718750000	-48.6542000000
80.1750000000	-48.9813000000
80.1781250000	-49.3074000000
80.1812500000	-49.6320000000
80.1843750000	-49.9550000000
80.1875000000	-50.2761000000
80.1906250000	-50.5953000000
80.1937500000	-50.9128000000
80.1968750000	-51.2289000000
80.2000000000	-51.5444000000
80.2031250000	-51.8598000000
80.2062500000	-52.1758000000
80.2093750000	-52.4928000000
80.2125000000	-52.8111000000
80.2156250000	-53.1306000000
80.2187500000	-53.4511000000
80.2218750000	-53.7716000000
80.2250000000	-54.0911000000
80.2281250000	-54.4080000000
80.2312500000	-54.7204000000
80.2343750000	-55.0266000000
80.2375000000	-55.3249000000
80.2406250000	-55.6137000000
80.2437500000	-55.8918000000
80.2468750000	-56.1585000000
80.2500000000	-56.4138000000
80.2531250000	-56.6583000000
80.2562500000	-56.8932000000
80.2593750000	-57.1202000000
80.2625000000	-57.3412000000
80.2656250000	-57.5585000000
80.2687500000	-57.7741000000
80.2718750000	-57.9900000000
80.2750000000	-58.2076000000
80.2781250000	-58.4279000000
80.2812500000	-58.6515000000
80.2843750000	-58.8781000000
80.2875000000	-59.1073000000
80.2906250000	-59.3380000000
80.2937500000	-59.5686000000
80.2968750000	-59.7976000000
80.3000000000	-60.0235000000
80.3031250000	-60.2448000000
80.3062500000	-60.4602000000
80.3093750000	-60.6688000000
80.3125000000	-60.8703000000
80.3156250000	-61.0645000000
80.3187500000	-61.2515000000
80.3218750000	-61.4318000000
80.3250000000	-61.6060000000
80.3281250000	-61.7746000000
80.3312500000	-61.9382000000
80.3343750000	-62.0973000000
80.3375000000	-62.2523000000
80.3406250000	-62.4039000000
80.3437500000	-62.5523000000
80.3468750000	-62.6983000000
80.3500000000	-62.8424000000
80.3531250000	-62.9853000000
80.3562500000	-63.1274000000
80.3593750000	-63.2693000000
80.3625000000	-63.4116000000
80.3656250000	-63.5547000000
80.3687500000	-63.6991000000
80.3718750000	-63.8448000000
80.3750000000	-63.9918000000
80.3781250000	-64.1397000000
80.3812500000	-64.2877000000
80.3843750000	-64.4352000000
80.3875000000	-64.5812000000
80.3906250000	-64.7249000000
80.3937500000	-64.8652000000
80.3968750000	-65.0014000000
80.4000000000	-65.1328000000
80.4031250000	-65.2589000000
80.4062500000	-65.3796000000
80.4093750000	-65.4951000000
80.4125000000	-65.6059000000
80.4156250000	-65.7129000000
80.4187500000	-65.8171000000
80.4218750000	-65.9192000000
80.4250000000	-66.0201000000
80.4281250000	-66.1206000000
80.4312500000	-66.2214000000
80.4343750000	-66.3228000000
80.4375000000	-66.4250000000
80.4406250000	-66.5278000000
80.4437500000	-66.6311000000
80.4468750000	-66.7344000000
80.4500000000	-66.8375000000
80.4531250000	-66.9396000000
80.4562500000	-67.0400000000
80.4593750000	-67.1384000000
80.4625000000	-67.2345000000
80.4656250000	-67.3279000000
80.4687500000	-67.4187000000
80.4718750000	-67.5069000000
80.4750000000	-67.5924000000
80.4781250000	-67.6755000000
80.4812500000	-67.7564000000
80.4843750000	-67.8355000000
80.4875000000	-67.9133000000
80.4906250000	-67.9904000000
80.4937500000	-68.0673000000
80.4968750000	-68.1447000000
80.5000000000	-68.2232000000
80.5031250000	-68.3032000000
80.5062500000	-68.3854000000
80.5093750000	-68.4705000000
80.5125000000	-68.5591000000
80.5156250000	-68.6514000000
80.5187500000	-68.7473000000
80.5218750000	-68.8468000000
80.5250000000	-68.9494000000
80.5281250000	-69.0545000000
80.5312500000	-69.1613000000
80.5343750000	-69.2689000000
80.5375000000	-69.3761000000
80.5406250000	-69.4817000000
80.5437500000	-69.5843000000
80.5468750000	-69.6825000000
80.5500000000	-69.7749000000
80.5531250000	-69.8601000000
80.5562500000	-69.9369000000
80.5593750000	-70.0043000000
80.5625000000	-70.0612000000
80.5656250000	-70.1070000000
80.5687500000	-70.1418000000
80.5718750000	-70.1660000000
80.5750000000	-70.1808000000
80.5781250000	-70.1881000000
80.5812500000	-70.1906000000
80.5843750000	-70.1911000000
80.5875000000	-70.1930000000
80.5906250000	-70.1996000000
80.5937500000	-70.2138000000
80.5968750000	-70.2382000000
80.6000000000	-70.2742000000
80.6031250000	-70.3227000000
80.6062500000	-70.3839000000
80.6093750000	-70.4572000000
80.6125000000	-70.5410000000
80.6156250000	-70.6332000000
80.6187500000	-70.7310000000
80.6218750000	-70.8318000000
80.6250000000	-70.9329000000
80.6281250000	-71.0322000000
80.6312500000	-71.1280000000
80.6343750000	-71.2196000000
80.6375000000	-71.3065000000
80.6406250000	-71.3890000000
80.6437500000	-71.4676000000
80.6468750000	-71.5430000000
80.6500000000	-71.6157000000
80.6531250000	-71.6863000000
80.6562500000	-71.7551000000
80.6593750000	-71.8222000000
80.6625000000	-71.8874000000
80.6656250000	-71.9505000000
80.6687500000	-72.0111000000
80.6718750000	-72.0687000000
80.6750000000	-72.1227000000
80.6781250000	-72.1728000000
80.6812500000	-72.2188000000
80.6843750000	-72.2609000000
80.6875000000	-72.2991000000
80.6906250000	-72.3337000000
80.6937500000	-72.3652000000
80.6968750000	-72.3943000000
80.7000000000	-72.4214000000
80.7031250000	-72.4470000000
80.7062500000	-72.4717000000
80.7093750000	-72.4959000000
80.7125000000	-72.5196000000
80.7156250000	-72.5427000000
80.7187500000	-72.5650000000
80.7218750000	-72.5862000000
80.7250000000	-72.6062000000
80.7281250000	-72.6252000000
80.7312500000	-72.6437000000
80.7343750000	-72.6628000000
80.7375000000	-72.6837000000
80.7406250000	-72.7081000000
80.7437500000	-72.7377000000
80.7468750000	-72.7739000000
80.7500000000	-72.8179000000
80.7531250000	-72.8699000000
80.7562500000	-72.9300000000
80.7593750000	-72.9976000000
80.7625000000	-73.0715000000
80.7656250000	-73.1496000000
80.7687500000	-73.2293000000
80.7718750000	-73.3079000000
80.7750000000	-73.3828000000
80.7781250000	-73.4516000000
80.7812500000	-73.5130000000
80.7843750000	-73.5664000000
80.7875000000	-73.6120000000
80.7906250000	-73.6509000000
80.7937500000	-73.6848000000
80.7968750000	-73.7155000000
80.8000000000	-73.7450000000
80.8031250000	-73.7751000000
80.8062500000	-73.8076000000
80.8093750000	-73.8435000000
80.8125000000	-73.8837000000
80.8156250000	-73.9283000000
80.8187500000	-73.9772000000
80.8218750000	-74.0298000000
80.8250000000	-74.0851000000
80.8281250000	-74.1418000000
80.8312500000	-74.1986000000
80.8343750000	-74.2542000000
80.8375000000	-74.3072000000
80.8406250000	-74.3566000000
80.8437500000	-74.4017000000
80.8468750000	-74.4420000000
80.8500000000	-74.4775000000
80.8531250000	-74.5087000000
80.8562500000	-74.5364000000
80.8593750000	-74.5616000000
80.8625000000	-74.5860000000
80.8656250000	-74.6110000000
80.8687500000	-74.6384000000
80.8718750000	-74.6696000000
80.8750000000	-74.7057000000
80.8781250000	-74.7472000000
80.8812500000	-74.7941000000
80.8843750000	-74.8461000000
80.8875000000	-74.9022000000
80.8906250000	-74.9609000000
80.8937500000	-75.0205000000
80.8968750000	-75.0788000000
80.9000000000	-75.1336000000
80.9031250000	-75.1828000000
80.9062500000	-75.2249000000
80.9093750000	-75.2588000000
80.9125000000	-75.2843000000
80.9156250000	-75.3022000000
80.9187500000	-75.3136000000
80.9218750000	-75.3201000000
80.9250000000	-75.3238000000
80.9281250000	-75.3267000000
80.9312500000	-75.3306000000
80.9343750000	-75.3369000000
80.9375000000	-75.3467000000
80.9406250000	-75.3602000000
80.9437500000	-75.3768000000
80.9468750000	-75.3953000000
80.9500000000	-75.4136000000
80.9531250000	-75.4289000000
80.9562500000	-75.4382000000
80.9593750000	-75.4383000000
80.9625000000	-75.4262000000
80.9656250000	-75.3995000000
80.9687500000	-75.3569000000
80.9718750000	-75.2984000000
80.9750000000	-75.2253000000
80.9781250000	-75.1404000000
80.9812500000	-75.0480000000
80.9843750000	-74.9533000000
80.9875000000	-74.8618000000
80.9906250000	-74.7789000000
80.9937500000	-74.7097000000
80.9968750000	-74.6585000000
81.0000000000	-74.6285000000
81.0031250000	-74.6213000000
81.0062500000	-74.6375000000
81.0093750000	-74.6771000000
81.0125000000	-74.7391000000
81.0156250000	-74.8210000000
81.0187500000	-74.9194000000
81.0218750000	-75.0305000000
81.0250000000	-75.1503000000
81.0281250000	-75.2748000000
81.0312500000	-75.4002000000
81.0343750000	-75.5236000000
81.0375000000	-75.6424000000
81.0406250000	-75.7549000000
81.0437500000	-75.8600000000
81.0468750000	-75.9572000000
81.0500000000	-76.0461000000
81.0531250000	-76.1269000000
81.0562500000	-76.1996000000
81.0593750000	-76.2642000000
81.0625000000	-76.3209000000
81.0656250000	-76.3699000000
81.0687500000	-76.4113000000
81.0718750000	-76.4455000000
81.0750000000	-76.4732000000
81.0781250000	-76.4952000000
81.0812500000	-76.5123000000
81.0843750000	-76.5254000000
81.0875000000	-76.5357000000
81.0906250000	-76.5441000000
81.0937500000	-76.5518000000
81.0968750000	-76.5601000000
81.1000000000	-76.5697000000
81.1031250000	-76.5816000000
81.1062500000	-76.5966000000
81.1093750000	-76.6149000000
81.1125000000	-76.6372000000
81.1156250000	-76.6637000000
81.1187500000	-76.6947000000
81.1218750000	-76.7303000000
81.1250000000	-76.7701000000
81.1281250000	-76.8138000000
81.1312500000	-76.8607000000
81.1343750000	-76.9097000000
81.1375000000	-76.9596000000
81.1406250000	-77.0089000000
81.1437500000	-77.0556000000
81.1468750000	-77.0974000000
81.1500000000	-77.1321000000
81.1531250000	-77.1571000000
81.1562500000	-77.1704000000
81.1593750000	-77.1699000000
81.1625000000	-77.1542000000
81.1656250000	-77.1227000000
81.1687500000	-77.0757000000
81.1718750000	-77.0147000000
81.1750000000	-76.9421000000
81.1781250000	-76.8615000000
81.1812500000	-76.7775000000
81.1843750000	-76.6949000000
81.1875000000	-76.6187000000
81.1906250000	-76.5534000000
81.1937500000	-76.5032000000
81.1968750000	-76.4709000000
81.2000000000	-76.4577000000
81.2031250000	-76.4630000000
81.2062500000	-76.4855000000
81.2093750000	-76.5221000000
81.2125000000	-76.5682000000
81.2156250000	-76.6176000000
81.2187500000	-76.6636000000
81.2218750000	-76.6995000000
81.2250000000	-76.7199000000
81.2281250000	-76.7213000000
81.2312500000	-76.7028000000
81.2343750000	-76.6663000000
81.2375000000	-76.6163000000
81.2406250000	-76.5591000000
81.2437500000	-76.5019000000
81.2468750000	-76.4520000000
81.2500000000	-76.4158000000
81.2531250000	-76.3982000000
81.2562500000	-76.4019000000
81.2593750000	-76.4289000000
81.2625000000	-76.4796000000
81.2656250000	-76.5526000000
81.2687500000	-76.6447000000
81.2718750000	-76.7516000000
81.2750000000	-76.8682000000
81.2781250000	-76.9892000000
81.2812500000	-77.1095000000
81.2843750000	-77.2246000000
81.2875000000	-77.3311000000
81.2906250000	-77.4266000000
81.2937500000	-77.5103000000
81.2968750000	-77.5818000000
81.3000000000	-77.6421000000
81.3031250000	-77.6923000000
81.3062500000	-77.7340000000
81.3093750000	-77.7686000000
81.3125000000	-77.7976000000
81.3156250000	-77.8220000000
81.3187500000	-77.8426000000
81.3218750000	-77.8602000000
81.3250000000	-77.8752000000
81.3281250000	-77.8883000000
81.3312500000	-77.8999000000
81.3343750000	-77.9106000000
81.3375000000	-77.9208000000
81.3406250000	-77.9310000000
81.3437500000	-77.9416000000
81.3468750000	-77.9528000000
81.3500000000	-77.9648000000
81.3531250000	-77.9777000000
81.3562500000	-77.9914000000
81.3593750000	-78.0060000000
81.3625000000	-78.0212000000
81.3656250000	-78.0369000000
81.3687500000	-78.0528000000
81.3718750000	-78.0685000000
81.3750000000	-78.0838000000
81.3781250000	-78.0984000000
81.3812500000	-78.1120000000
81.3843750000	-78.1246000000
81.3875000000	-78.1360000000
81.3906250000	-78.1460000000
81.3937500000	-78.1547000000
81.3968750000	-78.1620000000
81.4000000000	-78.1680000000
81.4031250000	-78.1729000000
81.4062500000	-78.1770000000
81.4093750000	-78.1807000000
81.4125000000	-78.1843000000
81.4156250000	-78.1882000000
81.4187500000	-78.1929000000
81.4218750000	-78.1988000000
81.4250000000	-78.2064000000
81.4281250000	-78.2157000000
81.4312500000	-78.2272000000
81.4343750000	-78.2405000000
81.4375000000	-78.2555000000
81.4406250000	-78.2714000000
81.4437500000	-78.2875000000
81.4468750000	-78.3022000000
81.4500000000	-78.3140000000
81.4531250000	-78.3205000000
81.4562500000	-78.3195000000
81.4593750000	-78.3083000000
81.4625000000	-78.2847000000
81.4656250000	-78.2467000000
81.4687500000	-78.1932000000
81.4718750000	-78.1239000000
81.4750000000	-78.0402000000
81.4781250000	-77.9447000000
81.4812500000	-77.8413000000
81.4843750000	-77.7349000000
81.4875000000	-77.6311000000
81.4906250000	-77.5359000000
81.4937500000	-77.4547000000
81.4968750000	-77.3928000000
81.5000000000	-77.3542000000
81.5031250000	-77.3417000000
81.5062500000	-77.3562000000
81.5093750000	-77.3975000000
81.5125000000	-77.4648000000
81.5156250000	-77.5556000000
81.5187500000	-77.6658000000
81.5218750000	-77.7898000000
81.5250000000	-77.9213000000
81.5281250000	-78.0536000000
81.5312500000	-78.1804000000
81.5343750000	-78.2957000000
81.5375000000	-78.3950000000
81.5406250000	-78.4750000000
81.5437500000	-78.5343000000
81.5468750000	-78.5729000000
81.5500000000	-78.5923000000
81.5531250000	-78.5951000000
81.5562500000	-78.5843000000
81.5593750000	-78.5628000000
81.5625000000	-78.5338000000
81.5656250000	-78.5004000000
81.5687500000	-78.4652000000
81.5718750000	-78.4309000000
81.5750000000	-78.3996000000
81.5781250000	-78.3733000000
81.5812500000	-78.3538000000
81.5843750000	-78.3425000000
81.5875000000	-78.3403000000
81.5906250000	-78.3476000000
81.5937500000	-78.3642000000
81.5968750000	-78.3890000000
81.6000000000	-78.4209000000
81.6031250000	-78.4581000000
81.6062500000	-78.4985000000
81.6093750000	-78.5398000000
81.6125000000	-78.5798000000
81.6156250000	-78.6165000000
81.6187500000	-78.6483000000
81.6218750000	-78.6744000000
81.6250000000	-78.6945000000
81.6281250000	-78.7090000000
81.6312500000	-78.7186000000
81.6343750000	-78.7242000000
81.6375000000	-78.7271000000
81.6406250000	-78.7279000000
81.6437500000	-78.7271000000
81.6468750000	-78.7250000000
81.6500000000	-78.7211000000
81.6531250000	-78.7151000000
81.6562500000	-78.7066000000
81.6593750000	-78.6948000000
81.6625000000	-78.6796000000
81.6656250000	-78.6609000000
81.6687500000	-78.6395000000
81.6718750000	-78.6163000000
81.6750000000	-78.5928000000
81.6781250000	-78.5708000000
81.6812500000	-78.5524000000
81.6843750000	-78.5394000000
81.6875000000	-78.5335000000
81.6906250000	-78.5356000000
81.6937500000	-78.5462000000
81.6968750000	-78.5649000000
81.7000000000	-78.5909000000
81.7031250000	-78.6223000000
81.7062500000	-78.6564000000
81.7093750000	-78.6901000000
81.7125000000	-78.7196000000
81.7156250000	-78.7411000000
81.7187500000	-78.7511000000
81.7218750000	-78.7471000000
81.7250000000	-78.7273000000
81.7281250000	-78.6918000000
81.7312500000	-78.6420000000
81.7343750000	-78.5812000000
81.7375000000	-78.5136000000
81.7406250000	-78.4445000000
81.7437500000	-78.3792000000
81.7468750000	-78.3232000000
81.7500000000	-78.2809000000
81.7531250000	-78.2558000000
81.7562500000	-78.2497000000
81.7593750000	-78.2630000000
81.7625000000	-78.2955000000
81.7656250000	-78.3455000000
81.7687500000	-78.4100000000
81.7718750000	-78.4848000000
81.7750000000	-78.5656000000
81.7781250000	-78.6474000000
81.7812500000	-78.7262000000
81.7843750000	-78.7986000000
81.7875000000	-78.8624000000
81.7906250000	-78.9171000000
81.7937500000	-78.9631000000
81.7968750000	-79.0020000000
81.8000000000	-79.0363000000
81.8031250000	-79.0686000000
81.8062500000	-79.1013000000
81.8093750000	-79.1367000000
81.8125000000	-79.1763000000
81.8156250000	-79.2211000000
81.8187500000	-79.2710000000
81.8218750000	-79.3254000000
81.8250000000	-79.3830000000
81.8281250000	-79.4418000000
81.8312500000	-79.4999000000
81.8343750000	-79.5548000000
81.8375000000	-79.6042000000
81.8406250000	-79.6463000000
81.8437500000	-79.6794000000
81.8468750000	-79.7028000000
81.8500000000	-79.7163000000
81.8531250000	-79.7202000000
81.8562500000	-79.7156000000
81.8593750000	-79.7038000000
81.8625000000	-79.6864000000
81.8656250000	-79.6649000000
81.8687500000	-79.6407000000
81.8718750000	-79.6150000000
81.8750000000	-79.5888000000
81.8781250000	-79.5627000000
81.8812500000	-79.5370000000
81.8843750000	-79.5121000000
81.8875000000	-79.4879000000
81.8906250000	-79.4645000000
81.8937500000	-79.4420000000
81.8968750000	-79.4205000000
81.9000000000	-79.4000000000
81.9031250000	-79.3809000000
81.9062500000	-79.3632000000
81.9093750000	-79.3471000000
81.9125000000	-79.3327000000
81.9156250000	-79.3197000000
81.9187500000	-79.3082000000
81.9218750000	-79.2976000000
81.9250000000	-79.2878000000
81.9281250000	-79.2783000000
81.9312500000	-79.2687000000
81.9343750000	-79.2586000000
81.9375000000	-79.2477000000
81.9406250000	-79.2355000000
81.9437500000	-79.2215000000
81.9468750000	-79.2051000000
81.9500000000	-79.1853000000
81.9531250000	-79.1610000000
81.9562500000	-79.1309000000
81.9593750000	-79.0933000000
81.9625000000	-79.0469000000
81.9656250000	-78.9903000000
81.9687500000	-78.9228000000
81.9718750000	-78.8442000000
81.9750000000	-78.7552000000
81.9781250000	-78.6575000000
81.9812500000	-78.5542000000
81.9843750000	-78.4489000000
81.9875000000	-78.3460000000
81.9906250000	-78.2503000000
81.9937500000	-78.1665000000
81.9968750000	-78.0990000000
82.0000000000	-78.0512000000
82.0031250000	-78.0257000000
82.0062500000	-78.0239000000
82.0093750000	-78.0459000000
82.0125000000	-78.0912000000
82.0156250000	-78.1583000000
82.0187500000	-78.2445000000
82.0218750000	-78.3458000000
82.0250000000	-78.4576000000
82.0281250000	-78.5751000000
82.0312500000	-78.6933000000
82.0343750000	-78.8078000000
82.0375000000	-78.9148000000
82.0406250000	-79.0115000000
82.0437500000	-79.0958000000
82.0468750000	-79.1670000000
82.0500000000	-79.2251000000
82.0531250000	-79.2711000000
82.0562500000	-79.3067000000
82.0593750000	-79.3338000000
82.0625000000	-79.3545000000
82.0656250000	-79.3709000000
82.0687500000	-79.3849000000
82.0718750000	-79.3984000000
82.0750000000	-79.4126000000
82.0781250000	-79.4284000000
82.0812500000	-79.4463000000
82.0843750000	-79.4662000000
82.0875000000	-79.4878000000
82.0906250000	-79.5103000000
82.0937500000	-79.5327000000
82.0968750000	-79.5535000000
82.1000000000	-79.5716000000
82.1031250000	-79.5858000000
82.1062500000	-79.5953000000
82.1093750000	-79.5998000000
82.1125000000	-79.5995000000
82.1156250000	-79.5947000000
82.1187500000	-79.5864000000
82.1218750000	-79.5756000000
82.1250000000	-79.5634000000
82.1281250000	-79.5508000000
82.1312500000	-79.5386000000
82.1343750000	-79.5269000000
82.1375000000	-79.5157000000
82.1406250000	-79.5046000000
82.1437500000	-79.4932000000
82.1468750000	-79.4807000000
82.1500000000	-79.4664000000
82.1531250000	-79.4498000000
82.1562500000	-79.4307000000
82.1593750000	-79.4094000000
82.1625000000	-79.3865000000
82.1656250000	-79.3626000000
82.1687500000	-79.3388000000
82.1718750000	-79.3159000000
82.1750000000	-79.2951000000
82.1781250000	-79.2772000000
82.1812500000	-79.2628000000
82.1843750000	-79.2522000000
82.1875000000	-79.2457000000
82.1906250000	-79.2431000000
82.1937500000	-79.2442000000
82.1968750000	-79.2487000000
82.2000000000	-79.2561000000
82.2031250000	-79.2660000000
82.2062500000	-79.2777000000
82.2093750000	-79.2904000000
82.2125000000	-79.3029000000
82.2156250000	-79.3139000000
82.2187500000	-79.3220000000
82.2218750000	-79.3258000000
82.2250000000	-79.3239000000
82.2281250000	-79.3154000000
82.2312500000	-79.2995000000
82.2343750000	-79.2764000000
82.2375000000	-79.2470000000
82.2406250000	-79.2133000000
82.2437500000	-79.1777000000
82.2468750000	-79.1429000000
82.2500000000	-79.1120000000
82.2531250000	-79.0877000000
82.2562500000	-79.0719000000
82.2593750000	-79.0659000000
82.2625000000	-79.0700000000
82.2656250000	-79.0841000000
82.2687500000	-79.1068000000
82.2718750000	-79.1360000000
82.2750000000	-79.1690000000
82.2781250000	-79.2028000000
82.2812500000	-79.2345000000
82.2843750000	-79.2619000000
82.2875000000	-79.2833000000
82.2906250000	-79.2979000000
82.2937500000	-79.3059000000
82.2968750000	-79.3085000000
82.3000000000	-79.3075000000
82.3031250000	-79.3053000000
82.3062500000	-79.3041000000
82.3093750000	-79.3056000000
82.3125000000	-79.3109000000
82.3156250000	-79.3209000000
82.3187500000	-79.3362000000
82.3218750000	-79.3566000000
82.3250000000	-79.3810000000
82.3281250000	-79.4080000000
82.3312500000	-79.4360000000
82.3343750000	-79.4630000000
82.3375000000	-79.4874000000
82.3406250000	-79.5075000000
82.3437500000	-79.5222000000
82.3468750000	-79.5304000000
82.3500000000	-79.5314000000
82.3531250000	-79.5247000000
82.3562500000	-79.5103000000
82.3593750000	-79.4882000000
82.3625000000	-79.4587000000
82.3656250000	-79.4224000000
82.3687500000	-79.3805000000
82.3718750000	-79.3341000000
82.3750000000	-79.2848000000
82.3781250000	-79.2345000000
82.3812500000	-79.1852000000
82.3843750000	-79.1390000000
82.3875000000	-79.0980000000
82.3906250000	-79.0641000000
82.3937500000	-79.0390000000
82.3968750000	-79.0239000000
82.4000000000	-79.0195000000
82.4031250000	-79.0262000000
82.4062500000	-79.0436000000
82.4093750000	-79.0712000000
82.4125000000	-79.1077000000
82.4156250000	-79.1518000000
82.4187500000	-79.2020000000
82.4218750000	-79.2564000000
82.4250000000	-79.3136000000
82.4281250000	-79.3716000000
82.4312500000	-79.4288000000
82.4343750000	-79.4839000000
82.4375000000	-79.5354000000
82.4406250000	-79.5821000000
82.4437500000	-79.6230000000
82.4468750000	-79.6574000000
82.4500000000	-79.6847000000
82.4531250000	-79.7046000000
82.4562500000	-79.7170000000
82.4593750000	-79.7220000000
82.4625000000	-79.7198000000
82.4656250000	-79.7112000000
82.4687500000	-79.6965000000
82.4718750000	-79.6765000000
82.4750000000	-79.6517000000
82.4781250000	-79.6228000000
82.4812500000	-79.5907000000
82.4843750000	-79.5565000000
82.4875000000	-79.5212000000
82.4906250000	-79.4860000000
82.4937500000	-79.4522000000
82.4968750000	-79.4212000000
82.5000000000	-79.3943000000
82.5031250000	-79.3727000000
82.5062500000	-79.3569000000
82.5093750000	-79.3473000000
82.5125000000	-79.3438000000
82.5156250000	-79.3463000000
82.5187500000	-79.3545000000
82.5218750000	-79.3679000000
82.5250000000	-79.3856000000
82.5281250000	-79.4067000000
82.5312500000	-79.4307000000
82.5343750000	-79.4571000000
82.5375000000	-79.4855000000
82.5406250000	-79.5159000000
82.5437500000	-79.5482000000
82.5468750000	-79.5822000000
82.5500000000	-79.6178000000
82.5531250000	-79.6545000000
82.5562500000	-79.6918000000
82.5593750000	-79.7288000000
82.5625000000	-79.7649000000
82.5656250000	-79.7992000000
82.5687500000	-79.8311000000
82.5718750000	-79.8601000000
82.5750000000	-79.8856000000
82.5781250000	-79.9074000000
82.5812500000	-79.9253000000
82.5843750000	-79.9392000000
82.5875000000	-79.9489000000
82.5906250000	-79.9545000000
82.5937500000	-79.9558000000
82.5968750000	-79.9531000000
82.6000000000	-79.9467000000
82.6031250000	-79.9370000000
82.6062500000	-79.9247000000
82.6093750000	-79.9105000000
82.6125000000	-79.8955000000
82.6156250000	-79.8808000000
82.6187500000	-79.8673000000
82.6218750000	-79.8562000000
82.6250000000	-79.8479000000
82.6281250000	-79.8430000000
82.6312500000	-79.8416000000
82.6343750000	-79.8433000000
82.6375000000	-79.8476000000
82.6406250000	-79.8536000000
82.6437500000	-79.8604000000
82.6468750000	-79.8668000000
82.6500000000	-79.8717000000
82.6531250000	-79.8741000000
82.6562500000	-79.8729000000
82.6593750000	-79.8671000000
82.6625000000	-79.8559000000
82.6656250000	-79.8385000000
82.6687500000	-79.8145000000
82.6718750000	-79.7839000000
82.6750000000	-79.7474000000
82.6781250000	-79.7058000000
82.6812500000	-79.6608000000
82.6843750000	-79.6144000000
82.6875000000	-79.5689000000
82.6906250000	-79.5268000000
82.6937500000	-79.4907000000
82.6968750000	-79.4626000000
82.7000000000	-79.4439000000
82.7031250000	-79.4354000000
82.7062500000	-79.4370000000
82.7093750000	-79.4483000000
82.7125000000	-79.4680000000
82.7156250000	-79.4941000000
82.7187500000	-79.5241000000
82.7218750000	-79.5553000000
82.7250000000	-79.5852000000
82.7281250000	-79.6117000000
82.7312500000	-79.6332000000
82.7343750000	-79.6489000000
82.7375000000	-79.6585000000
82.7406250000	-79.6626000000
82.7437500000	-79.6621000000
82.7468750000	-79.6584000000
82.7500000000	-79.6530000000
82.7531250000	-79.6472000000
82.7562500000	-79.6421000000
82.7593750000	-79.6386000000
82.7625000000	-79.6373000000
82.7656250000	-79.6386000000
82.7687500000	-79.6425000000
82.7718750000	-79.6489000000
82.7750000000	-79.6575000000
82.7781250000	-79.6677000000
82.7812500000	-79.6791000000
82.7843750000	-79.6913000000
82.7875000000	-79.7040000000
82.7906250000	-79.7172000000
82.7937500000	-79.7306000000
82.7968750000	-79.7442000000
82.8000000000	-79.7577000000
82.8031250000	-79.7709000000
82.8062500000	-79.7836000000
82.8093750000	-79.7957000000
82.8125000000	-79.8067000000
82.8156250000	-79.8163000000
82.8187500000	-79.8240000000
82.8218750000	-79.8297000000
82.8250000000	-79.8332000000
82.8281250000	-79.8345000000
82.8312500000	-79.8342000000
82.8343750000	-79.8329000000
82.8375000000	-79.8313000000
82.8406250000	-79.8303000000
82.8437500000	-79.8308000000
82.8468750000	-79.8336000000
82.8500000000	-79.8392000000
82.8531250000	-79.8478000000
82.8562500000	-79.8593000000
82.8593750000	-79.8733000000
82.8625000000	-79.8891000000
82.8656250000	-79.9060000000
82.8687500000	-79.9229000000
82.8718750000	-79.9389000000
82.8750000000	-79.9536000000
82.8781250000	-79.9662000000
82.8812500000	-79.9765000000
82.8843750000	-79.9845000000
82.8875000000	-79.9902000000
82.8906250000	-79.9939000000
82.8937500000	-79.9958000000
82.8968750000	-79.9960000000
82.9000000000	-79.9946000000
82.9031250000	-79.9916000000
82.9062500000	-79.9873000000
82.9093750000	-79.9818000000
82.9125000000	-79.9756000000
82.9156250000	-79.9691000000
82.9187500000	-79.9628000000
82.9218750000	-79.9574000000
82.9250000000	-79.9534000000
82.9281250000	-79.9513000000
82.9312500000	-79.9515000000
82.9343750000	-79.9542000000
82.9375000000	-79.9591000000
82.9406250000	-79.9658000000
82.9437500000	-79.9733000000
82.9468750000	-79.9808000000
82.9500000000	-79.9872000000
82.9531250000	-79.9915000000
82.9562500000	-79.9930000000
82.9593750000	-79.9909000000
82.9625000000	-79.9850000000
82.9656250000	-79.9751000000
82.9687500000	-79.9614000000
82.9718750000	-79.9445000000
82.9750000000	-79.9248000000
82.9781250000	-79.9032000000
82.9812500000	-79.8808000000
82.9843750000	-79.8588000000
82.9875000000	-79.8385000000
82.9906250000	-79.8211000000
82.9937500000	-79.8078000000
82.9968750000	-79.7999000000
83.0000000000	-79.7982000000
83.0031250000	-79.8036000000
83.0062500000	-79.8164000000
83.0093750000	-79.8369000000
83.0125000000	-79.8644000000
83.0156250000	-79.8983000000
83.0187500000	-79.9372000000
83.0218750000	-79.9795000000
83.0250000000	-80.0231000000
83.0281250000	-80.0659000000
83.0312500000	-80.1060000000
83.0343750000	-80.1411000000
83.0375000000	-80.1698000000
83.0406250000	-80.1906000000
83.0437500000	-80.2027000000
83.0468750000	-80.2058000000
83.0500000000	-80.2004000000
83.0531250000	-80.1875000000
83.0562500000	-80.1686000000
83.0593750000	-80.1455000000
83.0625000000	-80.1200000000
83.0656250000	-80.0940000000
83.0687500000	-80.0694000000
83.0718750000	-80.0476000000
83.0750000000	-80.0295000000
83.0781250000	-80.0154000000
83.0812500000	-80.0055000000
83.0843750000	-79.9992000000
83.0875000000	-79.9957000000
83.0906250000	-79.9937000000
83.0937500000	-79.9920000000
83.0968750000	-79.9893000000
83.1000000000	-79.9845000000
83.1031250000	-79.9768000000
83.1062500000	-79.9658000000
83.1093750000	-79.9517000000
83.1125000000	-79.9352000000
83.1156250000	-79.9172000000
83.1187500000	-79.8992000000
83.1218750000	-79.8826000000
83.1250000000	-79.8691000000
83.1281250000	-79.8600000000
83.1312500000	-79.8562000000
83.1343750000	-79.8586000000
83.1375000000	-79.8671000000
83.1406250000	-79.8816000000
83.1437500000	-79.9013000000
83.1468750000	-79.9254000000
83.1500000000	-79.9521000000
83.1531250000	-79.9797000000
83.1562500000	-80.0059000000
83.1593750000	-80.0286000000
83.1625000000	-80.0459000000
83.1656250000	-80.0562000000
83.1687500000	-80.0583000000
83.1718750000	-80.0518000000
83.1750000000	-80.0371000000
83.1781250000	-80.0152000000
83.1812500000	-79.9878000000
83.1843750000	-79.9572000000
83.1875000000	-79.9258000000
83.1906250000	-79.8959000000
83.1937500000	-79.8699000000
83.1968750000	-79.8498000000
83.2000000000	-79.8368000000
83.2031250000	-79.8314000000
83.2062500000	-79.8341000000
83.2093750000	-79.8443000000
83.2125000000	-79.8613000000
83.2156250000	-79.8837000000
83.2187500000	-79.9097000000
83.2218750000	-79.9379000000
83.2250000000	-79.9665000000
83.2281250000	-79.9943000000
83.2312500000	-80.0206000000
83.2343750000	-80.0447000000
83.2375000000	-80.0667000000
83.2406250000	-80.0866000000
83.2437500000	-80.1048000000
83.2468750000	-80.1217000000
83.2500000000	-80.1376000000
83.2531250000	-80.1531000000
83.2562500000	-80.1686000000
83.2593750000	-80.1842000000
83.2625000000	-80.1995000000
83.2656250000	-80.2144000000
83.2687500000	-80.2282000000
83.2718750000	-80.2405000000
83.2750000000	-80.2510000000
83.2781250000	-80.2592000000
83.2812500000	-80.2648000000
83.2843750000	-80.2676000000
83.2875000000	-80.2677000000
83.2906250000	-80.2653000000
83.2937500000	-80.2606000000
83.2968750000	-80.2538000000
83.3000000000	-80.2452000000
83.3031250000	-80.2353000000
83.3062500000	-80.2243000000
83.3093750000	-80.2124000000
83.3125000000	-80.1999000000
83.3156250000	-80.1870000000
83.3187500000	-80.1738000000
83.3218750000	-80.1608000000
83.3250000000	-80.1485000000
83.3281250000	-80.1373000000
83.3312500000	-80.1272000000
83.3343750000	-80.1185000000
83.3375000000	-80.1115000000
83.3406250000	-80.1062000000
83.3437500000	-80.1026000000
83.3468750000	-80.1005000000
83.3500000000	-80.0996000000
83.3531250000	-80.0993000000
83.3562500000	-80.0995000000
83.3593750000	-80.1001000000
83.3625000000	-80.1008000000
83.3656250000	-80.1017000000
83.3687500000	-80.1031000000
83.3718750000	-80.1055000000
83.3750000000	-80.1092000000
83.3781250000	-80.1144000000
83.3812500000	-80.1215000000
83.3843750000	-80.1306000000
83.3875000000	-80.1419000000
83.3906250000	-80.1550000000
83.3937500000	-80.1697000000
83.3968750000	-80.1856000000
83.4000000000	-80.2022000000
83.4031250000	-80.2191000000
83.4062500000	-80.2359000000
83.4093750000	-80.2524000000
83.4125000000	-80.2686000000
83.4156250000	-80.2847000000
83.4187500000	-80.3008000000
83.4218750000	-80.3171000000
83.4250000000	-80.3337000000
83.4281250000	-80.3505000000
83.4312500000	-80.3674000000
83.4343750000	-80.3841000000
83.4375000000	-80.4001000000
83.4406250000	-80.4146000000
83.4437500000	-80.4269000000
83.4468750000	-80.4363000000
83.4500000000	-80.4422000000
83.4531250000	-80.4442000000
83.4562500000	-80.4422000000
83.4593750000	-80.4364000000
83.4625000000	-80.4272000000
83.4656250000	-80.4155000000
83.4687500000	-80.4020000000
83.4718750000	-80.3874000000
83.4750000000	-80.3725000000
83.4781250000	-80.3578000000
83.4812500000	-80.3437000000
83.4843750000	-80.3304000000
83.4875000000	-80.3177000000
83.4906250000	-80.3054000000
83.4937500000	-80.2931000000
83.4968750000	-80.2803000000
83.5000000000	-80.2665000000
83.5031250000	-80.2516000000
83.5062500000	-80.2353000000
83.5093750000	-80.2178000000
83.5125000000	-80.1994000000
83.5156250000	-80.1806000000
83.5187500000	-80.1620000000
83.5218750000	-80.1442000000
83.5250000000	-80.1280000000
83.5281250000	-80.1141000000
83.5312500000	-80.1031000000
83.5343750000	-80.0957000000
83.5375000000	-80.0919000000
83.5406250000	-80.0920000000
83.5437500000	-80.0956000000
83.5468750000	-80.1024000000
83.5500000000	-80.1119000000
83.5531250000	-80.1234000000
83.5562500000	-80.1362000000
83.5593750000	-80.1495000000
83.5625000000	-80.1626000000
83.5656250000	-80.1748000000
83.5687500000	-80.1859000000
83.5718750000	-80.1958000000
83.5750000000	-80.2043000000
83.5781250000	-80.2117000000
83.5812500000	-80.2180000000
83.5843750000	-80.2234000000
83.5875000000	-80.2280000000
83.5906250000	-80.2314000000
83.5937500000	-80.2332000000
83.5968750000	-80.2327000000
83.6000000000	-80.2289000000
83.6031250000	-80.2208000000
83.6062500000	-80.2075000000
83.6093750000	-80.1882000000
83.6125000000	-80.1629000000
83.6156250000	-80.1320000000
83.6187500000	-80.0961000000
83.6218750000	-80.0568000000
83.6250000000	-80.0161000000
83.6281250000	-79.9763000000
83.6312500000	-79.9398000000
83.6343750000	-79.9089000000
83.6375000000	-79.8857000000
83.6406250000	-79.8719000000
83.6437500000	-79.8689000000
83.6468750000	-79.8769000000
83.6500000000	-79.8962000000
83.6531250000	-79.9261000000
83.6562500000	-79.9653000000
83.6593750000	-80.0122000000
83.6625000000	-80.0649000000
83.6656250000	-80.1211000000
83.6687500000	-80.1781000000
83.6718750000	-80.2336000000
83.6750000000	-80.2853000000
83.6781250000	-80.3311000000
83.6812500000	-80.3695000000
83.6843750000	-80.3994000000
83.6875000000	-80.4203000000
83.6906250000	-80.4321000000
83.6937500000	-80.4354000000
83.6968750000	-80.4310000000
83.7000000000	-80.4206000000
83.7031250000	-80.4059000000
83.7062500000	-80.3885000000
83.7093750000	-80.3703000000
83.7125000000	-80.3529000000
83.7156250000	-80.3378000000
83.7187500000	-80.3260000000
83.7218750000	-80.3182000000
83.7250000000	-80.3148000000
83.7281250000	-80.3157000000
83.7312500000	-80.3205000000
83.7343750000	-80.3282000000
83.7375000000	-80.3379000000
83.7406250000	-80.3482000000
83.7437500000	-80.3578000000
83.7468750000	-80.3655000000
83.7500000000	-80.3702000000
83.7531250000	-80.3711000000
83.7562500000	-80.3679000000
83.7593750000	-80.3604000000
83.7625000000	-80.3490000000
83.7656250000	-80.3340000000
83.7687500000	-80.3163000000
83.7718750000	-80.2967000000
83.7750000000	-80.2759000000
83.7781250000	-80.2547000000
83.7812500000	-80.2335000000
83.7843750000	-80.2128000000
83.7875000000	-80.1930000000
83.7906250000	-80.1743000000
83.7937500000	-80.1572000000
83.7968750000	-80.1423000000
83.8000000000	-80.1301000000
83.8031250000	-80.1214000000
83.8062500000	-80.1171000000
83.8093750000	-80.1179000000
83.8125000000	-80.1246000000
83.8156250000	-80.1374000000
83.8187500000	-80.1564000000
83.8218750000	-80.1812000000
83.8250000000	-80.2108000000
83.8281250000	-80.2441000000
83.8312500000	-80.2797000000
83.8343750000	-80.3160000000
83.8375000000	-80.3513000000
83.8406250000	-80.3843000000
83.8437500000	-80.4135000000
83.8468750000	-80.4380000000
83.8500000000	-80.4573000000
83.8531250000	-80.4713000000
83.8562500000	-80.4800000000
83.8593750000	-80.4837000000
83.8625000000	-80.4831000000
83.8656250000	-80.4791000000
83.8687500000	-80.4727000000
83.8718750000	-80.4650000000
83.8750000000	-80.4569000000
83.8781250000	-80.4495000000
83.8812500000	-80.4439000000
83.8843750000	-80.4409000000
83.8875000000	-80.4414000000
83.8906250000	-80.4456000000
83.8937500000	-80.4539000000
83.8968750000	-80.4661000000
83.9000000000	-80.4816000000
83.9031250000	-80.4998000000
83.9062500000	-80.5194000000
83.9093750000	-80.5393000000
83.9125000000	-80.5582000000
83.9156250000	-80.5749000000
83.9187500000	-80.5887000000
83.9218750000	-80.5991000000
83.9250000000	-80.6057000000
83.9281250000	-80.6088000000
83.9312500000	-80.6084000000
83.9343750000	-80.6053000000
83.9375000000	-80.6000000000
83.9406250000	-80.5928000000
83.9437500000	-80.5843000000
83.9468750000	-80.5751000000
83.9500000000	-80.5657000000
83.9531250000	-80.5563000000
83.9562500000	-80.5472000000
83.9593750000	-80.5390000000
83.9625000000	-80.5319000000
83.9656250000	-80.5265000000
83.9687500000	-80.5232000000
83.9718750000	-80.5220000000
83.9750000000	-80.5232000000
83.9781250000	-80.5266000000
83.9812500000	-80.5319000000
83.9843750000	-80.5386000000
83.9875000000	-80.5459000000
83.9906250000	-80.5530000000
83.9937500000	-80.5587000000
83.9968750000	-80.5621000000
84.0000000000	-80.5624000000
84.0031250000	-80.5589000000
84.0062500000	-80.5511000000
84.0093750000	-80.5391000000
84.0125000000	-80.5232000000
84.0156250000	-80.5037000000
84.0187500000	-80.4817000000
84.0218750000	-80.4581000000
84.0250000000	-80.4338000000
84.0281250000	-80.4099000000
84.0312500000	-80.3873000000
84.0343750000	-80.3668000000
84.0375000000	-80.3491000000
84.0406250000	-80.3347000000
84.0437500000	-80.3240000000
84.0468750000	-80.3170000000
84.0500000000	-80.3138000000
84.0531250000	-80.3141000000
84.0562500000	-80.3177000000
84.0593750000	-80.3242000000
84.0625000000	-80.3331000000
84.0656250000	-80.3440000000
84.0687500000	-80.3565000000
84.0718750000	-80.3700000000
84.0750000000	-80.3843000000
84.0781250000	-80.3989000000
84.0812500000	-80.4135000000
84.0843750000	-80.4276000000
84.0875000000	-80.4405000000
84.0906250000	-80.4515000000
84.0937500000	-80.4598000000
84.0968750000	-80.4642000000
84.1000000000	-80.4638000000
84.1031250000	-80.4574000000
84.1062500000	-80.4442000000
84.1093750000	-80.4238000000
84.1125000000	-80.3961000000
84.1156250000	-80.3614000000
84.1187500000	-80.3206000000
84.1218750000	-80.2749000000
84.1250000000	-80.2260000000
84.1281250000	-80.1760000000
84.1312500000	-80.1267000000
84.1343750000	-80.0800000000
84.1375000000	-80.0376000000
84.1406250000	-80.0006000000
84.1437500000	-79.9699000000
84.1468750000	-79.9457000000
84.1500000000	-79.9282000000
84.1531250000	-79.9172000000
84.1562500000	-79.9123000000
84.1593750000	-79.9129000000
84.1625000000	-79.9185000000
84.1656250000	-79.9280000000
84.1687500000	-79.9410000000
84.1718750000	-79.9570000000
84.1750000000	-79.9756000000
84.1781250000	-79.9963000000
84.1812500000	-80.0185000000
84.1843750000	-80.0417000000
84.1875000000	-80.0655000000
84.1906250000	-80.0893000000
84.1937500000	-80.1125000000
84.1968750000	-80.1348000000
84.2000000000	-80.1557000000
84.2031250000	-80.1748000000
84.2062500000	-80.1922000000
84.2093750000	-80.2078000000
84.2125000000	-80.2217000000
84.2156250000	-80.2338000000
84.2187500000	-80.2441000000
84.2218750000	-80.2527000000
84.2250000000	-80.2595000000
84.2281250000	-80.2642000000
84.2312500000	-80.2664000000
84.2343750000	-80.2659000000
84.2375000000	-80.2624000000
84.2406250000	-80.2558000000
84.2437500000	-80.2460000000
84.2468750000	-80.2335000000
84.2500000000	-80.2190000000
84.2531250000	-80.2033000000
84.2562500000	-80.1878000000
84.2593750000	-80.1736000000
84.2625000000	-80.1619000000
84.2656250000	-80.1535000000
84.2687500000	-80.1490000000
84.2718750000	-80.1488000000
84.2750000000	-80.1531000000
84.2781250000	-80.1614000000
84.2812500000	-80.1731000000
84.2843750000	-80.1872000000
84.2875000000	-80.2029000000
84.2906250000	-80.2190000000
84.2937500000	-80.2346000000
84.2968750000	-80.2490000000
84.3000000000	-80.2615000000
84.3031250000	-80.2717000000
84.3062500000	-80.2794000000
84.3093750000	-80.2846000000
84.3125000000	-80.2876000000
84.3156250000	-80.2885000000
84.3187500000	-80.2878000000
84.3218750000	-80.2859000000
84.3250000000	-80.2835000000
84.3281250000	-80.2813000000
84.3312500000	-80.2801000000
84.3343750000	-80.2808000000
84.3375000000	-80.2844000000
84.3406250000	-80.2917000000
84.3437500000	-80.3031000000
84.3468750000	-80.3188000000
84.3500000000	-80.3385000000
84.3531250000	-80.3617000000
84.3562500000	-80.3872000000
84.3593750000	-80.4135000000
84.3625000000	-80.4388000000
84.3656250000	-80.4612000000
84.3687500000	-80.4788000000
84.3718750000	-80.4902000000
84.3750000000	-80.4946000000
84.3781250000	-80.4917000000
84.3812500000	-80.4818000000
84.3843750000	-80.4662000000
84.3875000000	-80.4464000000
84.3906250000	-80.4244000000
84.3937500000	-80.4020000000
84.3968750000	-80.3811000000
84.4000000000	-80.3629000000
84.4031250000	-80.3481000000
84.4062500000	-80.3371000000
84.4093750000	-80.3294000000
84.4125000000	-80.3243000000
84.4156250000	-80.3204000000
84.4187500000	-80.3162000000
84.4218750000	-80.3103000000
84.4250000000	-80.3013000000
84.4281250000	-80.2884000000
84.4312500000	-80.2712000000
84.4343750000	-80.2498000000
84.4375000000	-80.2249000000
84.4406250000	-80.1976000000
84.4437500000	-80.1694000000
84.4468750000	-80.1418000000
84.4500000000	-80.1161000000
84.4531250000	-80.0935000000
84.4562500000	-80.0750000000
84.4593750000	-80.0610000000
84.4625000000	-80.0518000000
84.4656250000	-80.0475000000
84.4687500000	-80.0476000000
84.4718750000	-80.0519000000
84.4750000000	-80.0599000000
84.4781250000	-80.0713000000
84.4812500000	-80.0859000000
84.4843750000	-80.1035000000
84.4875000000	-80.1239000000
84.4906250000	-80.1471000000
84.4937500000	-80.1728000000
84.4968750000	-80.2006000000
84.5000000000	-80.2300000000
84.5031250000	-80.2602000000
84.5062500000	-80.2903000000
84.5093750000	-80.3190000000
84.5125000000	-80.3450000000
84.5156250000	-80.3669000000
84.5187500000	-80.3834000000
84.5218750000	-80.3936000000
84.5250000000	-80.3972000000
84.5281250000	-80.3939000000
84.5312500000	-80.3842000000
84.5343750000	-80.3690000000
84.5375000000	-80.3495000000
84.5406250000	-80.3272000000
84.5437500000	-80.3037000000
84.5468750000	-80.2805000000
84.5500000000	-80.2593000000
84.5531250000	-80.2412000000
84.5562500000	-80.2272000000
84.5593750000	-80.2178000000
84.5625000000	-80.2134000000
84.5656250000	-80.2141000000
84.5687500000	-80.2192000000
84.5718750000	-80.2281000000
84.5750000000	-80.2399000000
84.5781250000	-80.2536000000
84.5812500000	-80.2682000000
84.5843750000	-80.2827000000
84.5875000000	-80.2965000000
84.5906250000	-80.3092000000
84.5937500000	-80.3205000000
84.5968750000	-80.3305000000
84.6000000000	-80.3393000000
84.6031250000	-80.3471000000
84.6062500000	-80.3542000000
84.6093750000	-80.3608000000
84.6125000000	-80.3671000000
84.6156250000	-80.3734000000
84.6187500000	-80.3797000000
84.6218750000	-80.3860000000
84.6250000000	-80.3922000000
84.6281250000	-80.3980000000
84.6312500000	-80.4036000000
84.6343750000	-80.4089000000
84.6375000000	-80.4140000000
84.6406250000	-80.4192000000
84.6437500000	-80.4251000000
84.6468750000	-80.4321000000
84.6500000000	-80.4405000000
84.6531250000	-80.4508000000
84.6562500000	-80.4630000000
84.6593750000	-80.4774000000
84.6625000000	-80.4936000000
84.6656250000	-80.5110000000
84.6687500000	-80.5290000000
84.6718750000	-80.5465000000
84.6750000000	-80.5622000000
84.6781250000	-80.5750000000
84.6812500000	-80.5836000000
84.6843750000	-80.5872000000
84.6875000000	-80.5850000000
84.6906250000	-80.5767000000
84.6937500000	-80.5625000000
84.6968750000	-80.5427000000
84.7000000000	-80.5181000000
84.7031250000	-80.4896000000
84.7062500000	-80.4586000000
84.7093750000	-80.4265000000
84.7125000000	-80.3945000000
84.7156250000	-80.3636000000
84.7187500000	-80.3351000000
84.7218750000	-80.3096000000
84.7250000000	-80.2877000000
84.7281250000	-80.2700000000
84.7312500000	-80.2568000000
84.7343750000	-80.2481000000
84.7375000000	-80.2435000000
84.7406250000	-80.2425000000
84.7437500000	-80.2444000000
84.7468750000	-80.2478000000
84.7500000000	-80.2510000000
84.7531250000	-80.2521000000
84.7562500000	-80.2485000000
84.7593750000	-80.2379000000
84.7625000000	-80.2179000000
84.7656250000	-80.1867000000
84.7687500000	-80.1432000000
84.7718750000	-80.0872000000
84.7750000000	-80.0200000000
84.7781250000	-79.9440000000
84.7812500000	-79.8627000000
84.7843750000	-79.7805000000
84.7875000000	-79.7021000000
84.7906250000	-79.6320000000
84.7937500000	-79.5744000000
84.7968750000	-79.5324000000
84.8000000000	-79.5081000000
84.8031250000	-79.5022000000
84.8062500000	-79.5152000000
84.8093750000	-79.5464000000
84.8125000000	-79.5938000000
84.8156250000	-79.6547000000
84.8187500000	-79.7256000000
84.8218750000	-79.8031000000
84.8250000000	-79.8834000000
84.8281250000	-79.9635000000
84.8312500000	-80.0405000000
84.8343750000	-80.1121000000
84.8375000000	-80.1769000000
84.8406250000	-80.2339000000
84.8437500000	-80.2826000000
84.8468750000	-80.3233000000
84.8500000000	-80.3564000000
84.8531250000	-80.3829000000
84.8562500000	-80.4037000000
84.8593750000	-80.4198000000
84.8625000000	-80.4326000000
84.8656250000	-80.4432000000
84.8687500000	-80.4527000000
84.8718750000	-80.4620000000
84.8750000000	-80.4718000000
84.8781250000	-80.4823000000
84.8812500000	-80.4935000000
84.8843750000	-80.5050000000
84.8875000000	-80.5160000000
84.8906250000	-80.5259000000
84.8937500000	-80.5337000000
84.8968750000	-80.5382000000
84.9000000000	-80.5386000000
84.9031250000	-80.5344000000
84.9062500000	-80.5251000000
84.9093750000	-80.5108000000
84.9125000000	-80.4919000000
84.9156250000	-80.4691000000
84.9187500000	-80.4435000000
84.9218750000	-80.4164000000
84.9250000000	-80.3889000000
84.9281250000	-80.3623000000
84.9312500000	-80.3378000000
84.9343750000	-80.3160000000
84.9375000000	-80.2974000000
84.9406250000	-80.2822000000
84.9437500000	-80.2704000000
84.9468750000	-80.2615000000
84.9500000000	-80.2551000000
84.9531250000	-80.2505000000
84.9562500000	-80.2471000000
84.9593750000	-80.2443000000
84.9625000000	-80.2419000000
84.9656250000	-80.2398000000
84.9687500000	-80.2378000000
84.9718750000	-80.2360000000
84.9750000000	-80.2342000000
84.9781250000	-80.2324000000
84.9812500000	-80.2303000000
84.9843750000	-80.2277000000
84.9875000000	-80.2243000000
84.9906250000	-80.2195000000
84.9937500000	-80.2127000000
84.9968750000	-80.2037000000
85.0000000000	-80.1924000000
