-72.88035726
-72.87502027
-72.86968005
-72.86433661
-72.85898994
-72.85364003
-72.84828689
-72.8429305
-72.83757088
-72.832208
-72.82684187
-72.82147248
-72.81609984
-72.81072393
-72.80534475
-72.7999623
-72.79457658
-72.78918757
-72.78379528
-72.77839971
-72.77300084
-72.76759867
-72.76219321
-72.75678445
-72.75137237
-72.74595699
-72.74053829
-72.73511627
-72.72969093
-72.72426226
-72.71883026
-72.71339492
-72.70795625
-72.70251423
-72.69706887
-72.69162015
-72.68616808
-72.68071265
-72.67525385
-72.66979169
-72.66432616
-72.65885725
-72.65338496
-72.64790929
-72.64243023
-72.63694777
-72.63146192
-72.62597267
-72.62048002
-72.61498396
-72.60948448
-72.60398159
-72.59847528
-72.59296554
-72.58745237
-72.58193577
-72.57641573
-72.57089225
-72.56536532
-72.55983495
-72.55430111
-72.54876382
-72.54322307
-72.53767885
-72.53213115
-72.52657999
-72.52102534
-72.5154672
-72.50990558
-72.50434047
-72.49877186
-72.49319974
-72.48762412
-72.48204499
-72.47646235
-72.47087619
-72.4652865
-72.45969329
-72.45409654
-72.44849626
-72.44289244
-72.43728507
-72.43167415
-72.42605968
-72.42044166
-72.41482006
-72.40919491
-72.40356618
-72.39793387
-72.39229798
-72.38665851
-72.38101545
-72.3753688
-72.36971855
-72.36406469
-72.35840723
-72.35274615
-72.34708146
-72.34141315
-72.33574122
-72.33006565
-72.32438645
-72.31870361
-72.31301713
-72.30732699
-72.30163321
-72.29593577
-72.29023467
-72.2845299
-72.27882145
-72.27310934
-72.26739354
-72.26167406
-72.25595089
-72.25022402
-72.24449346
-72.23875919
-72.23302121
-72.22727952
-72.22153412
-72.21578499
-72.21003213
-72.20427554
-72.19851522
-72.19275115
-72.18698334
-72.18121177
-72.17543646
-72.16965738
-72.16387453
-72.15808792
-72.15229753
-72.14650336
-72.14070541
-72.13490366
-72.12909813
-72.12328879
-72.11747565
-72.1116587
-72.10583794
-72.10001336
-72.09418496
-72.08835273
-72.08251666
-72.07667676
-72.07083301
-72.06498542
-72.05913397
-72.05327867
-72.0474195
-72.04155647
-72.03568956
-72.02981877
-72.0239441
-72.01806555
-72.0121831
-72.00629675
-72.0004065
-71.99451234
-71.98861427
-71.98271228
-71.97680637
-71.97089653
-71.96498275
-71.95906504
-71.95314339
-71.94721778
-71.94128822
-71.9353547
-71.92941722
-71.92347577
-71.91753034
-71.91158094
-71.90562754
-71.89967016
-71.89370879
-71.88774341
-71.88177402
-71.87580063
-71.86982322
-71.86384179
-71.85785633
-71.85186683
-71.8458733
-71.83987573
-71.83387411
-71.82786844
-71.8218587
-71.81584491
-71.80982704
-71.8038051
-71.79777908
-71.79174897
-71.78571477
-71.77967647
-71.77363408
-71.76758757
-71.76153695
-71.75548222
-71.74942336
-71.74336037
-71.73729324
-71.73122198
-71.72514657
-71.71906701
-71.71298329
-71.70689541
-71.70080336
-71.69470714
-71.68860674
-71.68250215
-71.67639338
-71.67028041
-71.66416323
-71.65804185
-71.65191626
-71.64578645
-71.63965241
-71.63351415
-71.62737165
-71.62122491
-71.61507392
-71.60891868
-71.60275918
-71.59659541
-71.59042738
-71.58425507
-71.57807848
-71.57189761
-71.56571244
-71.55952297
-71.5533292
-71.54713111
-71.54092871
-71.53472199
-71.52851094
-71.52229556
-71.51607584
-71.50985177
-71.50362335
-71.49739057
-71.49115343
-71.48491192
-71.47866604
-71.47241577
-71.46616112
-71.45990207
-71.45363863
-71.44737078
-71.44109851
-71.43482183
-71.42854073
-71.4222552
-71.41596523
-71.40967082
-71.40337196
-71.39706865
-71.39076088
-71.38444865
-71.37813194
-71.37181075
-71.36548508
-71.35915492
-71.35282026
-71.34648109
-71.34013742
-71.33378923
-71.32743652
-71.32107929
-71.31471751
-71.3083512
-71.30198034
-71.29560493
-71.28922496
-71.28284042
-71.27645131
-71.27005762
-71.26365934
-71.25725647
-71.25084901
-71.24443694
-71.23802026
-71.23159896
-71.22517304
-71.21874249
-71.21230731
-71.20586748
-71.199423
-71.19297386
-71.18652006
-71.18006159
-71.17359845
-71.16713063
-71.16065811
-71.1541809
-71.14769899
-71.14121237
-71.13472103
-71.12822497
-71.12172418
-71.11521866
-71.1087084
-71.10219338
-71.09567361
-71.08914908
-71.08261978
-71.0760857
-71.06954684
-71.06300319
-71.05645475
-71.0499015
-71.04334344
-71.03678057
-71.03021287
-71.02364034
-71.01706298
-71.01048076
-71.0038937
-70.99730178
-70.990705
-70.98410334
-70.97749681
-70.97088538
-70.96426907
-70.95764785
-70.95102173
-70.9443907
-70.93775474
-70.93111385
-70.92446803
-70.91781727
-70.91116156
-70.90450089
-70.89783525
-70.89116465
-70.88448906
-70.87780849
-70.87112293
-70.86443237
-70.8577368
-70.85103622
-70.84433061
-70.83761998
-70.83090431
-70.8241836
-70.81745783
-70.81072701
-70.80399112
-70.79725016
-70.79050412
-70.78375299
-70.77699676
-70.77023543
-70.763469
-70.75669744
-70.74992076
-70.74313894
-70.73635199
-70.72955989
-70.72276263
-70.71596021
-70.70915262
-70.70233985
-70.6955219
-70.68869875
-70.6818704
-70.67503684
-70.66819807
-70.66135407
-70.65450484
-70.64765037
-70.64079065
-70.63392568
-70.62705545
-70.62017994
-70.61329916
-70.60641309
-70.59952172
-70.59262506
-70.58572308
-70.57881579
-70.57190317
-70.56498522
-70.55806192
-70.55113328
-70.54419927
-70.53725991
-70.53031517
-70.52336504
-70.51640953
-70.50944862
-70.5024823
-70.49551057
-70.48853342
-70.48155084
-70.47456282
-70.46756935
-70.46057043
-70.45356604
-70.44655619
-70.43954085
-70.43252003
-70.42549371
-70.41846189
-70.41142455
-70.40438169
-70.3973333
-70.39027938
-70.38321991
-70.37615488
-70.36908429
-70.36200814
-70.3549264
-70.34783907
-70.34074614
-70.33364761
-70.32654347
-70.3194337
-70.3123183
-70.30519727
-70.29807058
-70.29093824
-70.28380023
-70.27665655
-70.26950718
-70.26235212
-70.25519136
-70.2480249
-70.24085271
-70.2336748
-70.22649115
-70.21930176
-70.21210662
-70.20490571
-70.19769903
-70.19048658
-70.18326833
-70.17604429
-70.16881443
-70.16157877
-70.15433728
-70.14708995
-70.13983678
-70.13257776
-70.12531288
-70.11804213
-70.1107655
-70.10348298
-70.09619457
-70.08890025
-70.08160001
-70.07429385
-70.06698175
-70.05966371
-70.05233971
-70.04500976
-70.03767383
-70.03033192
-70.02298402
-70.01563012
-70.00827021
-70.00090429
-69.99353233
-69.98615434
-69.9787703
-69.97138021
-69.96398405
-69.95658181
-69.94917349
-69.94175907
-69.93433855
-69.92691191
-69.91947915
-69.91204026
-69.90459523
-69.89714404
-69.88968669
-69.88222316
-69.87475346
-69.86727756
-69.85979546
-69.85230715
-69.84481261
-69.83731185
-69.82980484
-69.82229158
-69.81477206
-69.80724627
-69.7997142
-69.79217584
-69.78463117
-69.77708019
-69.76952289
-69.76195926
-69.75438929
-69.74681296
-69.73923027
-69.73164121
-69.72404577
-69.71644393
-69.70883569
-69.70122103
-69.69359995
-69.68597243
-69.67833847
-69.67069806
-69.66305118
-69.65539782
-69.64773797
-69.64007163
-69.63239878
-69.62471941
-69.61703351
-69.60934107
-69.60164208
-69.59393653
-69.58622441
-69.5785057
-69.5707804
-69.5630485
-69.55530998
-69.54756484
-69.53981306
-69.53205463
-69.52428955
-69.51651779
-69.50873936
-69.50095423
-69.4931624
-69.48536386
-69.47755859
-69.46974659
-69.46192784
-69.45410234
-69.44627006
-69.43843101
-69.43058516
-69.42273252
-69.41487306
-69.40700677
-69.39913365
-69.39125368
-69.38336685
-69.37547315
-69.36757257
-69.3596651
-69.35175072
-69.34382942
-69.3359012
-69.32796604
-69.32002393
-69.31207485
-69.30411881
-69.29615577
-69.28818574
-69.2802087
-69.27222464
-69.26423355
-69.25623541
-69.24823021
-69.24021795
-69.23219861
-69.22417218
-69.21613864
-69.20809799
-69.20005021
-69.19199529
-69.18393321
-69.17586398
-69.16778757
-69.15970397
-69.15161316
-69.14351515
-69.13540991
-69.12729744
-69.11917772
-69.11105073
-69.10291647
-69.09477493
-69.08662608
-69.07846993
-69.07030645
-69.06213563
-69.05395747
-69.04577195
-69.03757905
-69.02937876
-69.02117108
-69.01295598
-69.00473347
-68.99650351
-68.9882661
-68.98002124
-68.97176889
-68.96350906
-68.95524173
-68.94696688
-68.9386845
-68.93039459
-68.92209712
-68.91379209
-68.90547948
-68.89715927
-68.88883146
-68.88049603
-68.87215297
-68.86380227
-68.8554439
-68.84707787
-68.83870415
-68.83032273
-68.8219336
-68.81353675
-68.80513215
-68.79671981
-68.7882997
-68.77987181
-68.77143613
-68.76299264
-68.75454133
-68.74608219
-68.7376152
-68.72914035
-68.72065762
-68.71216701
-68.70366849
-68.69516206
-68.6866477
-68.67812539
-68.66959512
-68.66105689
-68.65251066
-68.64395644
-68.6353942
-68.62682393
-68.61824562
-68.60965925
-68.60106481
-68.59246228
-68.58385166
-68.57523292
-68.56660605
-68.55797104
-68.54932787
-68.54067652
-68.53201699
-68.52334926
-68.51467332
-68.50598914
-68.49729671
-68.48859603
-68.47988707
-68.47116982
-68.46244427
-68.4537104
-68.44496819
-68.43621764
-68.42745872
-68.41869142
-68.40991572
-68.40113162
-68.39233909
-68.38353812
-68.3747287
-68.3659108
-68.35708442
-68.34824954
-68.33940615
-68.33055422
-68.32169374
-68.31282471
-68.30394709
-68.29506088
-68.28616606
-68.27726262
-68.26835053
-68.25942979
-68.25050038
-68.24156228
-68.23261547
-68.22365995
-68.21469569
-68.20572268
-68.1967409
-68.18775034
-68.17875098
-68.1697428
-68.16072579
-68.15169994
-68.14266522
-68.13362162
-68.12456912
-68.11550771
-68.10643737
-68.09735808
-68.08826983
-68.0791726
-68.07006638
-68.06095115
-68.05182688
-68.04269357
-68.0335512
-68.02439975
-68.0152392
-68.00606954
-67.99689076
-67.98770282
-67.97850572
-67.96929944
-67.96008397
-67.95085928
-67.94162535
-67.93238218
-67.92312974
-67.91386802
-67.904597
-67.89531666
-67.88602698
-67.87672796
-67.86741956
-67.85810177
-67.84877457
-67.83943796
-67.8300919
-67.82073638
-67.81137139
-67.8019969
-67.7926129
-67.78321937
-67.7738163
-67.76440365
-67.75498143
-67.7455496
-67.73610815
-67.72665706
-67.71719631
-67.70772589
-67.69824578
-67.68875595
-67.6792564
-67.66974709
-67.66022802
-67.65069916
-67.6411605
-67.63161202
-67.62205369
-67.61248551
-67.60290744
-67.59331948
-67.5837216
-67.57411379
-67.56449602
-67.55486827
-67.54523054
-67.53558279
-67.52592501
-67.51625718
-67.50657928
-67.49689129
-67.48719319
-67.47748497
-67.4677666
-67.45803806
-67.44829933
-67.4385504
-67.42879125
-67.41902185
-67.40924218
-67.39945223
-67.38965197
-67.37984139
-67.37002046
-67.36018917
-67.3503475
-67.34049542
-67.33063291
-67.32075996
-67.31087654
-67.30098264
-67.29107823
-67.2811633
-67.27123781
-67.26130176
-67.25135512
-67.24139787
-67.23143
-67.22145147
-67.21146227
-67.20146238
-67.19145177
-67.18143043
-67.17139834
-67.16135547
-67.1513018
-67.14123731
-67.13116199
-67.1210758
-67.11097873
-67.10087076
-67.09075186
-67.08062202
-67.0704812
-67.0603294
-67.05016659
-67.03999274
-67.02980783
-67.01961186
-67.00940478
-66.99918658
-66.98895724
-66.97871673
-66.96846504
-66.95820213
-66.947928
-66.93764261
-66.92734595
-66.91703798
-66.9067187
-66.89638808
-66.88604608
-66.8756927
-66.86532791
-66.85495168
-66.844564
-66.83416484
-66.82375417
-66.81333198
-66.80289824
-66.79245293
-66.78199603
-66.7715275
-66.76104734
-66.75055551
-66.74005199
-66.72953676
-66.71900979
-66.70847107
-66.69792056
-66.68735825
-66.67678411
-66.66619812
-66.65560024
-66.64499047
-66.63436877
-66.62373512
-66.6130895
-66.60243188
-66.59176224
-66.58108056
-66.5703868
-66.55968095
-66.54896297
-66.53823286
-66.52749057
-66.5167361
-66.5059694
-66.49519046
-66.48439926
-66.47359576
-66.46277994
-66.45195179
-66.44111126
-66.43025834
-66.419393
-66.40851522
-66.39762498
-66.38672223
-66.37580697
-66.36487916
-66.35393879
-66.34298581
-66.33202022
-66.32104197
-66.31005105
-66.29904744
-66.28803109
-66.277002
-66.26596012
-66.25490545
-66.24383794
-66.23275758
-66.22166433
-66.21055817
-66.19943908
-66.18830703
-66.17716198
-66.16600392
-66.15483282
-66.14364865
-66.13245138
-66.12124099
-66.11001745
-66.09878073
-66.08753081
-66.07626765
-66.06499124
-66.05370153
-66.04239852
-66.03108216
-66.01975244
-66.00840931
-65.99705277
-65.98568277
-65.97429929
-65.9629023
-65.95149178
-65.94006769
-65.92863001
-65.91717872
-65.90571377
-65.89423515
-65.88274282
-65.87123676
-65.85971693
-65.84818332
-65.83663588
-65.8250746
-65.81349944
-65.80191038
-65.79030738
-65.77869042
-65.76705947
-65.75541449
-65.74375546
-65.73208236
-65.72039514
-65.70869379
-65.69697826
-65.68524854
-65.6735046
-65.66174639
-65.6499739
-65.63818709
-65.62638594
-65.61457041
-65.60274047
-65.5908961
-65.57903726
-65.56716392
-65.55527606
-65.54337364
-65.53145663
-65.519525
-65.50757873
-65.49561777
-65.48364211
-65.4716517
-65.45964653
-65.44762655
-65.43559173
-65.42354205
-65.41147748
-65.39939798
-65.38730352
-65.37519407
-65.36306961
-65.35093008
-65.33877548
-65.32660576
-65.31442089
-65.30222085
-65.29000559
-65.2777751
-65.26552932
-65.25326825
-65.24099183
-65.22870004
-65.21639286
-65.20407023
-65.19173214
-65.17937855
-65.16700943
-65.15462475
-65.14222446
-65.12980855
-65.11737698
-65.10492971
-65.09246671
-65.07998795
-65.0674934
-65.05498302
-65.04245678
-65.02991465
-65.01735659
-65.00478258
-64.99219257
-64.97958653
-64.96696443
-64.95432624
-64.94167193
-64.92900145
-64.91631477
-64.90361187
-64.89089271
-64.87815725
-64.86540546
-64.85263731
-64.83985276
-64.82705177
-64.81423432
-64.80140037
-64.78854988
-64.77568283
-64.76279916
-64.74989886
-64.73698189
-64.72404821
-64.71109778
-64.69813058
-64.68514657
-64.67214571
-64.65912796
-64.6460933
-64.63304169
-64.61997308
-64.60688746
-64.59378478
-64.580665
-64.5675281
-64.55437403
-64.54120277
-64.52801426
-64.51480849
-64.50158541
-64.48834499
-64.4750872
-64.46181199
-64.44851933
-64.43520918
-64.42188152
-64.4085363
-64.39517348
-64.38179304
-64.36839493
-64.35497912
-64.34154558
-64.32809426
-64.31462513
-64.30113816
-64.2876333
-64.27411053
-64.26056979
-64.24701107
-64.23343432
-64.21983951
-64.20622659
-64.19259554
-64.17894631
-64.16527887
-64.15159318
-64.1378892
-64.12416691
-64.11042625
-64.09666721
-64.08288972
-64.06909377
-64.05527932
-64.04144632
-64.02759473
-64.01372454
-63.99983568
-63.98592814
-63.97200187
-63.95805683
-63.94409299
-63.93011031
-63.91610875
-63.90208827
-63.88804885
-63.87399043
-63.85991299
-63.84581649
-63.83170088
-63.81756614
-63.80341222
-63.78923908
-63.7750467
-63.76083503
-63.74660404
-63.73235368
-63.71808392
-63.70379473
-63.68948606
-63.67515788
-63.66081015
-63.64644283
-63.63205589
-63.61764929
-63.60322299
-63.58877696
-63.57431115
-63.55982553
-63.54532006
-63.53079471
-63.51624944
-63.50168421
-63.48709898
-63.47249372
-63.45786839
-63.44322295
-63.42855736
-63.4138716
-63.39916561
-63.38443937
-63.36969284
-63.35492597
-63.34013874
-63.32533111
-63.31050304
-63.29565449
-63.28078542
-63.26589581
-63.25098561
-63.23605479
-63.22110331
-63.20613113
-63.19113822
-63.17612454
-63.16109006
-63.14603474
-63.13095854
-63.11586143
-63.10074337
-63.08560433
-63.07044427
-63.05526315
-63.04006094
-63.02483761
-63.00959311
-62.99432742
-62.9790405
-62.96373231
-62.94840282
-62.93305199
-62.91767979
-62.90228619
-62.88687114
-62.87143462
-62.8559766
-62.84049703
-62.82499589
-62.80947313
-62.79392874
-62.77836266
-62.76277488
-62.74716535
-62.73153405
-62.71588093
-62.70020598
-62.68450915
-62.66879042
-62.65304974
-62.6372871
-62.62150245
-62.60569577
-62.58986703
-62.57401618
-62.55814321
-62.54224809
-62.52633077
-62.51039124
-62.49442945
-62.47844539
-62.46243902
-62.44641031
-62.43035923
-62.41428576
-62.39818986
-62.38207151
-62.36593068
-62.34976734
-62.33358146
-62.31737302
-62.30114199
-62.28488834
-62.26861204
-62.25231308
-62.23599142
-62.21964703
-62.2032799
-62.18689
-62.17047731
-62.15404179
-62.13758343
-62.1211022
-62.10459808
-62.08807104
-62.07152108
-62.05494815
-62.03835224
-62.02173333
-62.0050914
-61.98842643
-61.9717384
-61.95502728
-61.93829307
-61.92153573
-61.90475526
-61.88795163
-61.87112483
-61.85427484
-61.83740165
-61.82050523
-61.80358558
-61.78664267
-61.7696765
-61.75268705
-61.7356743
-61.71863825
-61.70157887
-61.68449617
-61.66739013
-61.65026074
-61.63310798
-61.61593186
-61.59873235
-61.58150946
-61.56426317
-61.54699348
-61.52970038
-61.51238387
-61.49504394
-61.47768059
-61.46029381
-61.44288361
-61.42544997
-61.4079929
-61.39051241
-61.37300847
-61.35548111
-61.33793032
-61.3203561
-61.30275846
-61.28513741
-61.26749293
-61.24982505
-61.23213377
-61.2144191
-61.19668104
-61.1789196
-61.1611348
-61.14332665
-61.12549515
-61.10764033
-61.08976219
-61.07186075
-61.05393603
-61.03598805
-61.01801682
-61.00002235
-60.98200468
-60.96396383
-60.94589981
-60.92781264
-60.90970237
-60.891569
-60.87341257
-60.8552331
-60.83703063
-60.81880519
-60.8005568
-60.78228551
-60.76399134
-60.74567433
-60.72733452
-60.70897194
-60.69058664
-60.67217866
-60.65374804
-60.63529482
-60.61681905
-60.59832078
-60.57980005
-60.56125692
-60.54269143
-60.52410364
-60.50549361
-60.48686138
-60.46820702
-60.44953059
-60.43083214
-60.41211175
-60.39336947
-60.37460537
-60.35581951
-60.33701198
-60.31818284
-60.29933216
-60.28046001
-60.26156648
-60.24265165
-60.22371559
-60.20475839
-60.18578014
-60.16678091
-60.1477608
-60.1287199
-60.10965831
-60.09057611
-60.07147341
-60.05235031
-60.0332069
-60.01404329
-59.9948596
-59.97565592
-59.95643236
-59.93718905
-59.9179261
-59.89864362
-59.87934174
-59.86002058
-59.84068027
-59.82132093
-59.80194269
-59.7825457
-59.76313008
-59.74369598
-59.72424353
-59.70477289
-59.68528419
-59.6657776
-59.64625325
-59.62671132
-59.60715196
-59.58757533
-59.56798159
-59.54837092
-59.52874349
-59.50909946
-59.48943903
-59.46976237
-59.45006966
-59.43036109
-59.41063686
-59.39089716
-59.37114219
-59.35137215
-59.33158724
-59.31178767
-59.29197366
-59.27214542
-59.25230317
-59.23244714
-59.21257755
-59.19269464
-59.17279863
-59.15288978
-59.13296832
-59.1130345
-59.09308857
-59.07313078
-59.0531614
-59.0331807
-59.01318893
-58.99318638
-58.97317331
-58.95315002
-58.93311678
-58.91307389
-58.89302165
-58.87296034
-58.85289029
-58.83281179
-58.81272516
-58.79263072
-58.7725288
-58.75241972
-58.73230382
-58.71218143
-58.69205291
-58.6719186
-58.65177885
-58.63163402
-58.61148449
-58.59133062
-58.57117278
-58.55101136
-58.53084675
-58.51067934
-58.49050953
-58.47033772
-58.45016432
-58.42998975
-58.40981443
-58.38963879
-58.36946326
-58.34928829
-58.32911431
-58.30894178
-58.28877117
-58.26860292
-58.24843753
-58.22827545
-58.20811719
-58.18796322
-58.16781405
-58.14767018
-58.12753212
-58.10740039
-58.08727551
-58.06715801
-58.04704844
-58.02694733
-58.00685523
-57.98677272
-57.96670035
-57.94663869
-57.92658834
-57.90654986
-57.88652387
-57.86651097
-57.84651175
-57.82652685
-57.80655688
-57.78660248
-57.76666429
-57.74674295
-57.72683913
-57.70695348
-57.68708668
-57.66723941
-57.64741234
-57.62760619
-57.60782164
-57.58805942
-57.56832024
-57.54860482
-57.5289139
-57.50924823
-57.48960856
-57.46999564
-57.45041024
-57.43085315
-57.41132513
-57.391827
-57.37235953
-57.35292356
-57.33351988
-57.31414934
-57.29481276
-57.27551098
-57.25624487
-57.23701526
-57.21782304
-57.19866909
-57.17955427
-57.16047949
-57.14144566
-57.12245367
-57.10350445
-57.08459892
-57.06573802
-57.0469227
-57.02815389
-57.00943257
-56.99075971
-56.97213627
-56.95356324
-56.93504162
-56.91657241
-56.89815661
-56.87979524
-56.86148934
-56.84323992
-56.82504803
-56.80691473
-56.78884106
-56.7708281
-56.75287691
-56.73498857
-56.71716416
-56.6994048
-56.68171156
-56.66408558
-56.64652795
-56.6290398
-56.61162227
-56.59427648
-56.57700359
-56.55980473
-56.54268108
-56.52563379
-56.50866402
-56.49177296
-56.47496179
-56.45823168
-56.44158384
-56.42501946
-56.40853974
-56.3921459
-56.37583913
-56.35962067
-56.34349174
-56.32745355
-56.31150735
-56.29565437
-56.27989583
-56.264233
-56.24866711
-56.23319942
-56.21783117
-56.20256362
-56.18739802
-56.17233564
-56.15737775
-56.14252559
-56.12778044
-56.11314356
-56.09861622
-56.08419969
-56.06989524
-56.05570414
-56.04162765
-56.02766704
-56.01382358
-56.00009855
-55.98649319
-55.97300879
-55.95964659
-55.94640787
-55.93329388
-55.92030587
-55.90744509
-55.8947128
-55.88211024
-55.86963865
-55.85729927
-55.84509333
-55.83302205
-55.82108666
-55.80928837
-55.79762839
-55.78610793
-55.77472818
-55.76349032
-55.75239555
-55.74144503
-55.73063993
-55.71998141
-55.70947061
-55.69910867
-55.68889672
-55.67883588
-55.66892726
-55.65917195
-55.64957104
-55.6401256
-55.63083671
-55.62170539
-55.61273271
-55.60391967
-55.59526729
-55.58677657
-55.5784485
-55.57028403
-55.56228413
-55.55444973
-55.54678176
-55.53928113
-55.53194872
-55.52478541
-55.51779207
-55.51096953
-55.50431861
-55.49784012
-55.49153486
-55.48540358
-55.47944704
-55.47366598
-55.46806109
-55.46263309
-55.45738263
-55.45231037
-55.44741695
-55.44270298
-55.43816904
-55.43381571
-55.42964353
-55.42565304
-55.42184473
-55.41821909
-55.41477658
-55.41151764
-55.40844268
-55.4055521
-55.40284627
-55.40032553
-55.3979902
-55.39584059
-55.39387698
-55.39209961
-55.39050871
-55.3891045
-55.38788714
-55.38685681
-55.38601362
-55.3853577
-55.38488912
-55.38460795
-55.38451423
-55.38460795
-55.38488912
-55.3853577
-55.38601362
-55.38685681
-55.38788714
-55.3891045
-55.39050871
-55.39209961
-55.39387698
-55.39584059
-55.3979902
-55.40032553
-55.40284627
-55.4055521
-55.40844268
-55.41151764
-55.41477658
-55.41821909
-55.42184473
-55.42565304
-55.42964353
-55.43381571
-55.43816904
-55.44270298
-55.44741695
-55.45231037
-55.45738263
-55.46263309
-55.46806109
-55.47366598
-55.47944704
-55.48540358
-55.49153486
-55.49784012
-55.50431861
-55.51096953
-55.51779207
-55.52478541
-55.53194872
-55.53928113
-55.54678176
-55.55444973
-55.56228413
-55.57028403
-55.5784485
-55.58677657
-55.59526729
-55.60391967
-55.61273271
-55.62170539
-55.63083671
-55.6401256
-55.64957104
-55.65917195
-55.66892726
-55.67883588
-55.68889672
-55.69910867
-55.70947061
-55.71998141
-55.73063993
-55.74144503
-55.75239555
-55.76349032
-55.77472818
-55.78610793
-55.79762839
-55.80928837
-55.82108666
-55.83302205
-55.84509333
-55.85729927
-55.86963865
-55.88211024
-55.8947128
-55.90744509
-55.92030587
-55.93329388
-55.94640787
-55.95964659
-55.97300879
-55.98649319
-56.00009855
-56.01382358
-56.02766704
-56.04162765
-56.05570414
-56.06989524
-56.08419969
-56.09861622
-56.11314356
-56.12778044
-56.14252559
-56.15737775
-56.17233564
-56.18739802
-56.20256362
-56.21783117
-56.23319942
-56.24866711
-56.264233
-56.27989583
-56.29565437
-56.31150735
-56.32745355
-56.34349174
-56.35962067
-56.37583913
-56.3921459
-56.40853974
-56.42501946
-56.44158384
-56.45823168
-56.47496179
-56.49177296
-56.50866402
-56.52563379
-56.54268108
-56.55980473
-56.57700359
-56.59427648
-56.61162227
-56.6290398
-56.64652795
-56.66408558
-56.68171156
-56.6994048
-56.71716416
-56.73498857
-56.75287691
-56.7708281
-56.78884106
-56.80691473
-56.82504803
-56.84323992
-56.86148934
-56.87979524
-56.89815661
-56.91657241
-56.93504162
-56.95356324
-56.97213627
-56.99075971
-57.00943257
-57.02815389
-57.0469227
-57.06573802
-57.08459892
-57.10350445
-57.12245367
-57.14144566
-57.16047949
-57.17955427
-57.19866909
-57.21782304
-57.23701526
-57.25624487
-57.27551098
-57.29481276
-57.31414934
-57.33351988
-57.35292356
-57.37235953
-57.391827
-57.41132513
-57.43085315
-57.45041024
-57.46999564
-57.48960856
-57.50924823
-57.5289139
-57.54860482
-57.56832024
-57.58805942
-57.60782164
-57.62760619
-57.64741234
-57.66723941
-57.68708668
-57.70695348
-57.72683913
-57.74674295
-57.76666429
-57.78660248
-57.80655688
-57.82652685
-57.84651175
-57.86651097
-57.88652387
-57.90654986
-57.92658834
-57.94663869
-57.96670035
-57.98677272
-58.00685523
-58.02694733
-58.04704844
-58.06715801
-58.08727551
-58.10740039
-58.12753212
-58.14767018
-58.16781405
-58.18796322
-58.20811719
-58.22827545
-58.24843753
-58.26860292
-58.28877117
-58.30894178
-58.32911431
-58.34928829
-58.36946326
-58.38963879
-58.40981443
-58.42998975
-58.45016432
-58.47033772
-58.49050953
-58.51067934
-58.53084675
-58.55101136
-58.57117278
-58.59133062
-58.61148449
-58.63163402
-58.65177885
-58.6719186
-58.69205291
-58.71218143
-58.73230382
-58.75241972
-58.7725288
-58.79263072
-58.81272516
-58.83281179
-58.85289029
-58.87296034
-58.89302165
-58.91307389
-58.93311678
-58.95315002
-58.97317331
-58.99318638
-59.01318893
-59.0331807
-59.0531614
-59.07313078
-59.09308857
-59.1130345
-59.13296832
-59.15288978
-59.17279863
-59.19269464
-59.21257755
-59.23244714
-59.25230317
-59.27214542
-59.29197366
-59.31178767
-59.33158724
-59.35137215
-59.37114219
-59.39089716
-59.41063686
-59.43036109
-59.45006966
-59.46976237
-59.48943903
-59.50909946
-59.52874349
-59.54837092
-59.56798159
-59.58757533
-59.60715196
-59.62671132
-59.64625325
-59.6657776
-59.68528419
-59.70477289
-59.72424353
-59.74369598
-59.76313008
-59.7825457
-59.80194269
-59.82132093
-59.84068027
-59.86002058
-59.87934174
-59.89864362
-59.9179261
-59.93718905
-59.95643236
-59.97565592
-59.9948596
-60.01404329
-60.0332069
-60.05235031
-60.07147341
-60.09057611
-60.10965831
-60.1287199
-60.1477608
-60.16678091
-60.18578014
-60.20475839
-60.22371559
-60.24265165
-60.26156648
-60.28046001
-60.29933216
-60.31818284
-60.33701198
-60.35581951
-60.37460537
-60.39336947
-60.41211175
-60.43083214
-60.44953059
-60.46820702
-60.48686138
-60.50549361
-60.52410364
-60.54269143
-60.56125692
-60.57980005
-60.59832078
-60.61681905
-60.63529482
-60.65374804
-60.67217866
-60.69058664
-60.70897194
-60.72733452
-60.74567433
-60.76399134
-60.78228551
-60.8005568
-60.81880519
-60.83703063
-60.8552331
-60.87341257
-60.891569
-60.90970237
-60.92781264
-60.94589981
-60.96396383
-60.98200468
-61.00002235
-61.01801682
-61.03598805
-61.05393603
-61.07186075
-61.08976219
-61.10764033
-61.12549515
-61.14332665
-61.1611348
-61.1789196
-61.19668104
-61.2144191
-61.23213377
-61.24982505
-61.26749293
-61.28513741
-61.30275846
-61.3203561
-61.33793032
-61.35548111
-61.37300847
-61.39051241
-61.4079929
-61.42544997
-61.44288361
-61.46029381
-61.47768059
-61.49504394
-61.51238387
-61.52970038
-61.54699348
-61.56426317
-61.58150946
-61.59873235
-61.61593186
-61.63310798
-61.65026074
-61.66739013
-61.68449617
-61.70157887
-61.71863825
-61.7356743
-61.75268705
-61.7696765
-61.78664267
-61.80358558
-61.82050523
-61.83740165
-61.85427484
-61.87112483
-61.88795163
-61.90475526
-61.92153573
-61.93829307
-61.95502728
-61.9717384
-61.98842643
-62.0050914
-62.02173333
-62.03835224
-62.05494815
-62.07152108
-62.08807104
-62.10459808
-62.1211022
-62.13758343
-62.15404179
-62.17047731
-62.18689
-62.2032799
-62.21964703
-62.23599142
-62.25231308
-62.26861204
-62.28488834
-62.30114199
-62.31737302
-62.33358146
-62.34976734
-62.36593068
-62.38207151
-62.39818986
-62.41428576
-62.43035923
-62.44641031
-62.46243902
-62.47844539
-62.49442945
-62.51039124
-62.52633077
-62.54224809
-62.55814321
-62.57401618
-62.58986703
-62.60569577
-62.62150245
-62.6372871
-62.65304974
-62.66879042
-62.68450915
-62.70020598
-62.71588093
-62.73153405
-62.74716535
-62.76277488
-62.77836266
-62.79392874
-62.80947313
-62.82499589
-62.84049703
-62.8559766
-62.87143462
-62.88687114
-62.90228619
-62.91767979
-62.93305199
-62.94840282
-62.96373231
-62.9790405
-62.99432742
-63.00959311
-63.02483761
-63.04006094
-63.05526315
-63.07044427
-63.08560433
-63.10074337
-63.11586143
-63.13095854
-63.14603474
-63.16109006
-63.17612454
-63.19113822
-63.20613113
-63.22110331
-63.23605479
-63.25098561
-63.26589581
-63.28078542
-63.29565449
-63.31050304
-63.32533111
-63.34013874
-63.35492597
-63.36969284
-63.38443937
-63.39916561
-63.4138716
-63.42855736
-63.44322295
-63.45786839
-63.47249372
-63.48709898
-63.50168421
-63.51624944
-63.53079471
-63.54532006
-63.55982553
-63.57431115
-63.58877696
-63.60322299
-63.61764929
-63.63205589
-63.64644283
-63.66081015
-63.67515788
-63.68948606
-63.70379473
-63.71808392
-63.73235368
-63.74660404
-63.76083503
-63.7750467
-63.78923908
-63.80341222
-63.81756614
-63.83170088
-63.84581649
-63.85991299
-63.87399043
-63.88804885
-63.90208827
-63.91610875
-63.93011031
-63.94409299
-63.95805683
-63.97200187
-63.98592814
-63.99983568
-64.01372454
-64.02759473
-64.04144632
-64.05527932
-64.06909377
-64.08288972
-64.09666721
-64.11042625
-64.12416691
-64.1378892
-64.15159318
-64.16527887
-64.17894631
-64.19259554
-64.20622659
-64.21983951
-64.23343432
-64.24701107
-64.26056979
-64.27411053
-64.2876333
-64.30113816
-64.31462513
-64.32809426
-64.34154558
-64.35497912
-64.36839493
-64.38179304
-64.39517348
-64.4085363
-64.42188152
-64.43520918
-64.44851933
-64.46181199
-64.4750872
-64.48834499
-64.50158541
-64.51480849
-64.52801426
-64.54120277
-64.55437403
-64.5675281
-64.580665
-64.59378478
-64.60688746
-64.61997308
-64.63304169
-64.6460933
-64.65912796
-64.67214571
-64.68514657
-64.69813058
-64.71109778
-64.72404821
-64.73698189
-64.74989886
-64.76279916
-64.77568283
-64.78854988
-64.80140037
-64.81423432
-64.82705177
-64.83985276
-64.85263731
-64.86540546
-64.87815725
-64.89089271
-64.90361187
-64.91631477
-64.92900145
-64.94167193
-64.95432624
-64.96696443
-64.97958653
-64.99219257
-65.00478258
-65.01735659
-65.02991465
-65.04245678
-65.05498302
-65.0674934
-65.07998795
-65.09246671
-65.10492971
-65.11737698
-65.12980855
-65.14222446
-65.15462475
-65.16700943
-65.17937855
-65.19173214
-65.20407023
-65.21639286
-65.22870004
-65.24099183
-65.25326825
-65.26552932
-65.2777751
-65.29000559
-65.30222085
-65.31442089
-65.32660576
-65.33877548
-65.35093008
-65.36306961
-65.37519407
-65.38730352
-65.39939798
-65.41147748
-65.42354205
-65.43559173
-65.44762655
-65.45964653
-65.4716517
-65.48364211
-65.49561777
-65.50757873
-65.519525
-65.53145663
-65.54337364
-65.55527606
-65.56716392
-65.57903726
-65.5908961
-65.60274047
-65.61457041
-65.62638594
-65.63818709
-65.6499739
-65.66174639
-65.6735046
-65.68524854
-65.69697826
-65.70869379
-65.72039514
-65.73208236
-65.74375546
-65.75541449
-65.76705947
-65.77869042
-65.79030738
-65.80191038
-65.81349944
-65.8250746
-65.83663588
-65.84818332
-65.85971693
-65.87123676
-65.88274282
-65.89423515
-65.90571377
-65.91717872
-65.92863001
-65.94006769
-65.95149178
-65.9629023
-65.97429929
-65.98568277
-65.99705277
-66.00840931
-66.01975244
-66.03108216
-66.04239852
-66.05370153
-66.06499124
-66.07626765
-66.08753081
-66.09878073
-66.11001745
-66.12124099
-66.13245138
-66.14364865
-66.15483282
-66.16600392
-66.17716198
-66.18830703
-66.19943908
-66.21055817
-66.22166433
-66.23275758
-66.24383794
-66.25490545
-66.26596012
-66.277002
-66.28803109
-66.29904744
-66.31005105
-66.32104197
-66.33202022
-66.34298581
-66.35393879
-66.36487916
-66.37580697
-66.38672223
-66.39762498
-66.40851522
-66.419393
-66.43025834
-66.44111126
-66.45195179
-66.46277994
-66.47359576
-66.48439926
-66.49519046
-66.5059694
-66.5167361
-66.52749057
-66.53823286
-66.54896297
-66.55968095
-66.5703868
-66.58108056
-66.59176224
-66.60243188
-66.6130895
-66.62373512
-66.63436877
-66.64499047
-66.65560024
-66.66619812
-66.67678411
-66.68735825
-66.69792056
-66.70847107
-66.71900979
-66.72953676
-66.74005199
-66.75055551
-66.76104734
-66.7715275
-66.78199603
-66.79245293
-66.80289824
-66.81333198
-66.82375417
-66.83416484
-66.844564
-66.85495168
-66.86532791
-66.8756927
-66.88604608
-66.89638808
-66.9067187
-66.91703798
-66.92734595
-66.93764261
-66.947928
-66.95820213
-66.96846504
-66.97871673
-66.98895724
-66.99918658
-67.00940478
-67.01961186
-67.02980783
-67.03999274
-67.05016659
-67.0603294
-67.0704812
-67.08062202
-67.09075186
-67.10087076
-67.11097873
-67.1210758
-67.13116199
-67.14123731
-67.1513018
-67.16135547
-67.17139834
-67.18143043
-67.19145177
-67.20146238
-67.21146227
-67.22145147
-67.23143
-67.24139787
-67.25135512
-67.26130176
-67.27123781
-67.2811633
-67.29107823
-67.30098264
-67.31087654
-67.32075996
-67.33063291
-67.34049542
-67.3503475
-67.36018917
-67.37002046
-67.37984139
-67.38965197
-67.39945223
-67.40924218
-67.41902185
-67.42879125
-67.4385504
-67.44829933
-67.45803806
-67.4677666
-67.47748497
-67.48719319
-67.49689129
-67.50657928
-67.51625718
-67.52592501
-67.53558279
-67.54523054
-67.55486827
-67.56449602
-67.57411379
-67.5837216
-67.59331948
-67.60290744
-67.61248551
-67.62205369
-67.63161202
-67.6411605
-67.65069916
-67.66022802
-67.66974709
-67.6792564
-67.68875595
-67.69824578
-67.70772589
-67.71719631
-67.72665706
-67.73610815
-67.7455496
-67.75498143
-67.76440365
-67.7738163
-67.78321937
-67.7926129
-67.8019969
-67.81137139
-67.82073638
-67.8300919
-67.83943796
-67.84877457
-67.85810177
-67.86741956
-67.87672796
-67.88602698
-67.89531666
-67.904597
-67.91386802
-67.92312974
-67.93238218
-67.94162535
-67.95085928
-67.96008397
-67.96929944
-67.97850572
-67.98770282
-67.99689076
-68.00606954
-68.0152392
-68.02439975
-68.0335512
-68.04269357
-68.05182688
-68.06095115
-68.07006638
-68.0791726
-68.08826983
-68.09735808
-68.10643737
-68.11550771
-68.12456912
-68.13362162
-68.14266522
-68.15169994
-68.16072579
-68.1697428
-68.17875098
-68.18775034
-68.1967409
-68.20572268
-68.21469569
-68.22365995
-68.23261547
-68.24156228
-68.25050038
-68.25942979
-68.26835053
-68.27726262
-68.28616606
-68.29506088
-68.30394709
-68.31282471
-68.32169374
-68.33055422
-68.33940615
-68.34824954
-68.35708442
-68.3659108
-68.3747287
-68.38353812
-68.39233909
-68.40113162
-68.40991572
-68.41869142
-68.42745872
-68.43621764
-68.44496819
-68.4537104
-68.46244427
-68.47116982
-68.47988707
-68.48859603
-68.49729671
-68.50598914
-68.51467332
-68.52334926
-68.53201699
-68.54067652
-68.54932787
-68.55797104
-68.56660605
-68.57523292
-68.58385166
-68.59246228
-68.60106481
-68.60965925
-68.61824562
-68.62682393
-68.6353942
-68.64395644
-68.65251066
-68.66105689
-68.66959512
-68.67812539
-68.6866477
-68.69516206
-68.70366849
-68.71216701
-68.72065762
-68.72914035
-68.7376152
-68.74608219
-68.75454133
-68.76299264
-68.77143613
-68.77987181
-68.7882997
-68.79671981
-68.80513215
-68.81353675
-68.8219336
-68.83032273
-68.83870415
-68.84707787
-68.8554439
-68.86380227
-68.87215297
-68.88049603
-68.88883146
-68.89715927
-68.90547948
-68.91379209
-68.92209712
-68.93039459
-68.9386845
-68.94696688
-68.95524173
-68.96350906
-68.97176889
-68.98002124
-68.9882661
-68.99650351
-69.00473347
-69.01295598
-69.02117108
-69.02937876
-69.03757905
-69.04577195
-69.05395747
-69.06213563
-69.07030645
-69.07846993
-69.08662608
-69.09477493
-69.10291647
-69.11105073
-69.11917772
-69.12729744
-69.13540991
-69.14351515
-69.15161316
-69.15970397
-69.16778757
-69.17586398
-69.18393321
-69.19199529
-69.20005021
-69.20809799
-69.21613864
-69.22417218
-69.23219861
-69.24021795
-69.24823021
-69.25623541
-69.26423355
-69.27222464
-69.2802087
-69.28818574
-69.29615577
-69.30411881
-69.31207485
-69.32002393
-69.32796604
-69.3359012
-69.34382942
-69.35175072
-69.3596651
-69.36757257
-69.37547315
-69.38336685
-69.39125368
-69.39913365
-69.40700677
-69.41487306
-69.42273252
-69.43058516
-69.43843101
-69.44627006
-69.45410234
-69.46192784
-69.46974659
-69.47755859
-69.48536386
-69.4931624
-69.50095423
-69.50873936
-69.51651779
-69.52428955
-69.53205463
-69.53981306
-69.54756484
-69.55530998
-69.5630485
-69.5707804
-69.5785057
-69.58622441
-69.59393653
-69.60164208
-69.60934107
-69.61703351
-69.62471941
-69.63239878
-69.64007163
-69.64773797
-69.65539782
-69.66305118
-69.67069806
-69.67833847
-69.68597243
-69.69359995
-69.70122103
-69.70883569
-69.71644393
-69.72404577
-69.73164121
-69.73923027
-69.74681296
-69.75438929
-69.76195926
-69.76952289
-69.77708019
-69.78463117
-69.79217584
-69.7997142
-69.80724627
-69.81477206
-69.82229158
-69.82980484
-69.83731185
-69.84481261
-69.85230715
-69.85979546
-69.86727756
-69.87475346
-69.88222316
-69.88968669
-69.89714404
-69.90459523
-69.91204026
-69.91947915
-69.92691191
-69.93433855
-69.94175907
-69.94917349
-69.95658181
-69.96398405
-69.97138021
-69.9787703
-69.98615434
-69.99353233
-70.00090429
-70.00827021
-70.01563012
-70.02298402
-70.03033192
-70.03767383
-70.04500976
-70.05233971
-70.05966371
-70.06698175
-70.07429385
-70.08160001
-70.08890025
-70.09619457
-70.10348298
-70.1107655
-70.11804213
-70.12531288
-70.13257776
-70.13983678
-70.14708995
-70.15433728
-70.16157877
-70.16881443
-70.17604429
-70.18326833
-70.19048658
-70.19769903
-70.20490571
-70.21210662
-70.21930176
-70.22649115
-70.2336748
-70.24085271
-70.2480249
-70.25519136
-70.26235212
-70.26950718
-70.27665655
-70.28380023
-70.29093824
-70.29807058
-70.30519727
-70.3123183
-70.3194337
-70.32654347
-70.33364761
-70.34074614
-70.34783907
-70.3549264
-70.36200814
-70.36908429
-70.37615488
-70.38321991
-70.39027938
-70.3973333
-70.40438169
-70.41142455
-70.41846189
-70.42549371
-70.43252003
-70.43954085
-70.44655619
-70.45356604
-70.46057043
-70.46756935
-70.47456282
-70.48155084
-70.48853342
-70.49551057
-70.5024823
-70.50944862
-70.51640953
-70.52336504
-70.53031517
-70.53725991
-70.54419927
-70.55113328
-70.55806192
-70.56498522
-70.57190317
-70.57881579
-70.58572308
-70.59262506
-70.59952172
-70.60641309
-70.61329916
-70.62017994
-70.62705545
-70.63392568
-70.64079065
-70.64765037
-70.65450484
-70.66135407
-70.66819807
-70.67503684
-70.6818704
-70.68869875
-70.6955219
-70.70233985
-70.70915262
-70.71596021
-70.72276263
-70.72955989
-70.73635199
-70.74313894
-70.74992076
-70.75669744
-70.763469
-70.77023543
-70.77699676
-70.78375299
-70.79050412
-70.79725016
-70.80399112
-70.81072701
-70.81745783
-70.8241836
-70.83090431
-70.83761998
-70.84433061
-70.85103622
-70.8577368
-70.86443237
-70.87112293
-70.87780849
-70.88448906
-70.89116465
-70.89783525
-70.90450089
-70.91116156
-70.91781727
-70.92446803
-70.93111385
-70.93775474
-70.9443907
-70.95102173
-70.95764785
-70.96426907
-70.97088538
-70.97749681
-70.98410334
-70.990705
-70.99730178
-71.0038937
-71.01048076
-71.01706298
-71.02364034
-71.03021287
-71.03678057
-71.04334344
-71.0499015
-71.05645475
-71.06300319
-71.06954684
-71.0760857
-71.08261978
-71.08914908
-71.09567361
-71.10219338
-71.1087084
-71.11521866
-71.12172418
-71.12822497
-71.13472103
-71.14121237
-71.14769899
-71.1541809
-71.16065811
-71.16713063
-71.17359845
-71.18006159
-71.18652006
-71.19297386
-71.199423
-71.20586748
-71.21230731
-71.21874249
-71.22517304
-71.23159896
-71.23802026
-71.24443694
-71.25084901
-71.25725647
-71.26365934
-71.27005762
-71.27645131
-71.28284042
-71.28922496
-71.29560493
-71.30198034
-71.3083512
-71.31471751
-71.32107929
-71.32743652
-71.33378923
-71.34013742
-71.34648109
-71.35282026
-71.35915492
-71.36548508
-71.37181075
-71.37813194
-71.38444865
-71.39076088
-71.39706865
-71.40337196
-71.40967082
-71.41596523
-71.4222552
-71.42854073
-71.43482183
-71.44109851
-71.44737078
-71.45363863
-71.45990207
-71.46616112
-71.47241577
-71.47866604
-71.48491192
-71.49115343
-71.49739057
-71.50362335
-71.50985177
-71.51607584
-71.52229556
-71.52851094
-71.53472199
-71.54092871
-71.54713111
-71.5533292
-71.55952297
-71.56571244
-71.57189761
-71.57807848
-71.58425507
-71.59042738
-71.59659541
-71.60275918
-71.60891868
-71.61507392
-71.62122491
-71.62737165
-71.63351415
-71.63965241
-71.64578645
-71.65191626
-71.65804185
-71.66416323
-71.67028041
-71.67639338
-71.68250215
-71.68860674
-71.69470714
-71.70080336
-71.70689541
-71.71298329
-71.71906701
-71.72514657
-71.73122198
-71.73729324
-71.74336037
-71.74942336
-71.75548222
-71.76153695
-71.76758757
-71.77363408
-71.77967647
-71.78571477
-71.79174897
-71.79777908
-71.8038051
-71.80982704
-71.81584491
-71.8218587
-71.82786844
-71.83387411
-71.83987573
-71.8458733
-71.85186683
-71.85785633
-71.86384179
-71.86982322
-71.87580063
-71.88177402
-71.88774341
-71.89370879
-71.89967016
-71.90562754
-71.91158094
-71.91753034
-71.92347577
-71.92941722
-71.9353547
-71.94128822
-71.94721778
-71.95314339
-71.95906504
-71.96498275
-71.97089653
-71.97680637
-71.98271228
-71.98861427
-71.99451234
-72.0004065
-72.00629675
-72.0121831
-72.01806555
-72.0239441
-72.02981877
-72.03568956
-72.04155647
-72.0474195
-72.05327867
-72.05913397
-72.06498542
-72.07083301
-72.07667676
-72.08251666
-72.08835273
-72.09418496
-72.10001336
-72.10583794
-72.1116587
-72.11747565
-72.12328879
-72.12909813
-72.13490366
-72.14070541
-72.14650336
-72.15229753
-72.15808792
-72.16387453
-72.16965738
-72.17543646
-72.18121177
-72.18698334
-72.19275115
-72.19851522
-72.20427554
-72.21003213
-72.21578499
-72.22153412
-72.22727952
-72.23302121
-72.23875919
-72.24449346
-72.25022402
-72.25595089
-72.26167406
-72.26739354
-72.27310934
-72.27882145
-72.2845299
-72.29023467
-72.29593577
-72.30163321
-72.30732699
-72.31301713
-72.31870361
-72.32438645
-72.33006565
-72.33574122
-72.34141315
-72.34708146
-72.35274615
-72.35840723
-72.36406469
-72.36971855
-72.3753688
-72.38101545
-72.38665851
-72.39229798
-72.39793387
-72.40356618
-72.40919491
-72.41482006
-72.42044166
-72.42605968
-72.43167415
-72.43728507
-72.44289244
-72.44849626
-72.45409654
-72.45969329
-72.4652865
-72.47087619
-72.47646235
-72.48204499
-72.48762412
-72.49319974
-72.49877186
-72.50434047
-72.50990558
-72.5154672
-72.52102534
-72.52657999
-72.53213115
-72.53767885
-72.54322307
-72.54876382
-72.55430111
-72.55983495
-72.56536532
-72.57089225
-72.57641573
-72.58193577
-72.58745237
-72.59296554
-72.59847528
-72.60398159
-72.60948448
-72.61498396
-72.62048002
-72.62597267
-72.63146192
-72.63694777
-72.64243023
-72.64790929
-72.65338496
-72.65885725
-72.66432616
-72.66979169
-72.67525385
-72.68071265
-72.68616808
-72.69162015
-72.69706887
-72.70251423
-72.70795625
-72.71339492
-72.71883026
-72.72426226
-72.72969093
-72.73511627
-72.74053829
-72.74595699
-72.75137237
-72.75678445
-72.76219321
-72.76759867
-72.77300084
-72.77839971
-72.78379528
-72.78918757
-72.79457658
-72.7999623
-72.80534475
-72.81072393
-72.81609984
-72.82147248
-72.82684187
-72.832208
-72.83757088
-72.8429305
-72.84828689
-72.85364003
-72.85898994
-72.86433661
-72.86968005
-72.87502027
-72.88035726
